0.0
0.0
0.0
0.0
0.001144407315583342
0.0
0.0
0.0
0.001917439407703248
0.0
0.0
0.0
0.0
0.0
0.0
0.0
0.0
0.0
0.0
0.0
0.0008780631952213101
0.0009088843444671667
0.0006101813110181312
0.008206563741608804
0.0
0.0
0.0
0.0
0.0
0.0
0.0
0.010582499907163607
0.014611143186930742
0.0
0.0
0.0
0.0
0.0
0.0037906975853524275
0.0
0.004091777021795011
0.0
0.00020117044623262624
0.0
0.0
0.0
0.0008135704874835312
0.0
0.00012077866717188461
0.0
0.0005351088635843442
0.001893309179047451
0.0
0.0
0.0
0.0
0.0
0.0
0.0
0.0
0.0
0.0
0.0
0.00870615405269748
0.003807997079992339
0.0
0.0
0.0
0.0
0.0053813178911149085
0.016901084115797466
0.0
0.0
0.0
0.0
0.0
0.0
0.0
0.0
0.0
0.0
0.0
0.0007533926713579003
0.0
0.0
0.0
0.0
0.0
0.0
0.0
0.005531130854607127
0.0
0.0
0.0
0.0
0.0
0.0
0.0
0.0
0.0
0.0
0.0
0.0
0.0
0.0
0.015780391145387724
0.0
0.0
0.0
0.0
0.0
0.0
0.0
0.0
0.0
0.0
0.0
0.00042232277526395176
0.0
0.0
0.000972623981911195
0.009291210416553959
0.0
0.0
0.0
0.0
0.0017574382834086015
0.0
0.0
0.0
0.0
0.0
0.0
0.0
0.0
0.0
0.0
0.0
0.0
0.0
0.008590727741886304
0.0
0.0
0.002037532564507598
0.0
0.0
0.0021502211090221597
0.0
0.0
0.0
0.0018224300493397594
0.007399517461501436
0.0
0.0
0.0
0.0
0.0
0.0064454514870438216
0.0
0.0
0.0
0.0
0.0
0.0
0.0
0.0
0.0
0.0
0.0
0.0
0.0
0.0
0.0
0.0
0.0
0.0
0.0
0.0
0.0
0.0
0.0
0.0012255808258593772
0.0
0.0
0.0
0.0
0.0
0.01113365985734303
0.0
0.0
0.0
0.0
0.0
0.0
0.0
0.0
0.0
0.0
0.0
0.0
0.0008718087463497654
0.0
0.0
0.0010865766481334392
0.0
0.0
0.0
0.0
0.0
0.010457589481886607
0.012619515544368349
0.0
0.005503721248829017
0.0
0.0
0.0
0.0
0.011285577692731592
0.0
0.0
0.0
0.0
0.0
0.0
0.0
0.0
0.0
0.0
0.0
0.0
0.0
0.0
0.0
0.0
0.0
0.0
0.0
0.00026561894748492067
0.0
0.0
0.0023718429344436053
0.0
0.0
0.0
0.0
0.0
0.0
0.005883884108875451
0.0
0.007891889983714644
0.0
0.0
0.0
0.0
0.0
0.0
0.0
0.0
0.0
0.0
0.0
0.0
0.0
0.0
0.0
0.0
0.0
0.0
0.0
0.0
0.0
0.0
0.014208688410189265
0.0
0.0004810888509567873
0.0
0.0
0.0
0.0
0.0
0.0
0.0
0.0
0.0
0.0
0.0
0.0002499827001591585
0.0
0.0
0.0
0.0
0.0
0.0
0.0
0.0030350013919991825
0.0
0.0
0.0
0.0
0.0
0.0001876994306450604
0.0
0.0
0.0
0.0
0.0
0.0
0.0
0.0
0.0007679622805503135
0.0
0.0
0.0
0.0
0.0
0.0
0.010757721140525485
0.0
0.0
0.00045371300747276813
0.004767464831821821
0.0
0.0
0.0
0.0077303729988534246
0.0
0.0
0.0
0.0
0.0
0.0
0.0
0.0
0.0
0.0
0.00024747370591874605
0.0
0.0
0.00028090107227079076
0.00150434815975587
0.0
0.0
0.0
0.0
0.0
0.0
0.0
0.0
0.0
0.0
0.0009704637149842106
0.0
0.0
0.0
0.0
0.0
0.0006914844964785512
0.0012106537530266344
0.0
0.007293498155136302
0.00022468427984814437
0.0
0.0
0.0
0.0
0.0
0.0
0.0
0.008362766362775045
0.0
0.0
0.0
0.0
0.0
0.004569825644560864
0.0
0.00019246962588716473
0.0
0.0
0.0
0.0
0.0
0.006264717733472374
0.0
0.0033503736292757485
0.0
0.0
0.0
0.0
0.0010888416128590802
0.0
0.0
0.0
0.0
0.0
0.0
0.0
0.0
0.0
0.0005091937765205093
0.0
0.0
0.0022582033462819765
0.0
0.0
0.0
0.0
0.0013052341597796144
0.0
0.0
0.0
0.0
0.006658976113128926
0.0
0.0
0.0
0.0
0.0
0.0
0.0
0.0
0.0
0.0
0.0
0.0
0.0
0.007136226081541774
0.0004841284396560411
0.0
0.0
0.0
0.0
0.0
0.0009879150288533915
0.0
0.003953642108029484
0.0
0.0
0.0
0.0
0.0
0.0
0.0
0.0
0.0
0.0
0.0
0.001154607768469155
0.0
0.0
0.0
0.0
0.009841100612152116
0.0
0.011252403217544182
0.0
0.003213692488199618
0.0
0.0
0.0075428614608374946
0.0
0.0
0.0
0.0009869290644734909
0.008856886465432683
0.0
0.0
0.0
0.0
0.0
0.0
0.0
0.0
0.0
0.0
0.0
0.0005865203224146802
0.0
0.0
0.0
0.0
0.002254965873345322
0.0
0.0
0.0
0.0
0.0
0.0
0.0
0.0
0.0010084033613445378
0.0
0.0029720164943257644
0.0
0.0
0.0
0.009102208243086317
0.0
0.0
0.0
0.0
0.0
0.0
0.0
0.0
0.0005060391503540191
0.0
0.0
0.0
0.0
0.0
0.0
0.0
0.0
0.0005505849965588436
0.0
0.0
0.0
0.0
0.0
0.0
0.0
0.0005507463069676708
0.0
0.0
0.0
0.0
0.0
0.0
0.0
0.0
0.0
0.0
0.0
0.0
0.0
0.001358880928866476
0.0010237177500581084
0.00052337752965806
0.0
0.0
0.0
0.0
0.0
0.0
0.0007549398856567307
0.0
0.0
0.0
0.0
0.00019093686354378816
0.011918073610343352
0.0
0.0
0.00029692654974822
0.0
0.0
0.0
0.0
0.0
0.0
0.007608260481214922
0.0
0.006239046106829436
0.0
0.0
0.0
0.0
0.0
0.0
0.0
0.0
0.0
0.0
0.0
0.0
0.01129262963730594
0.0
0.0
0.0
0.0
0.0
0.0
0.0
0.0
0.0003674911660777386
0.0
0.0
0.0
0.0
0.0
0.0
0.0
0.0
0.0
0.0
0.006931577015787943
0.0
0.0
0.0
0.0
0.007281809310820585
0.0
0.0
0.0
0.014285311100288807
0.0
0.0
0.0008937437934458788
0.0
0.0
0.0
0.0
0.01633766064706793
0.0
0.0
0.0008349687778768954
0.0002666666666666668
0.0
0.0
0.0
0.0
0.0
0.0
0.0
0.0
0.0
0.0
0.0
0.016462991180805
0.0
0.0012168705828710386
0.0
0.0
0.0
0.0
0.0
0.0
0.0
0.0
0.0
0.0
0.0
0.0
0.0
0.0
0.0
0.001881695500163956
0.0014712440124026549
0.0
0.0
0.0
0.0
0.0
0.0
0.0
0.0042006355085469835
0.0
0.00018523282737329554
0.0006820119352088662
0.0
0.003944608842997693
0.0
0.002453264058010934
0.0005184144083389433
0.0
0.0
0.0
0.014709711939876744
0.0029380933416795142
0.0005232777090341751
0.0
0.0
0.0
0.0
0.00026266611295681073
0.0044546588693010515
0.0
0.013520265267379327
0.00026396119307371994
0.0
0.0
0.0
0.0
0.0
0.0
0.0
0.0
0.009479335335151112
0.0
0.00023608105449537668
0.0
0.0003762148604869894
0.0
0.0
0.0
0.0
0.0
0.014188172094193475
0.0
0.0
0.0
0.0
0.0
0.0
0.0
0.0
0.0
0.0002864214992927865
0.0
0.0
0.0
0.0
0.0
0.0
0.0
0.0
0.0
0.005579879347794705
0.004199889152841063
0.0
0.0
0.0005945499587118084
0.0
0.009014914894040747
0.0
0.0027409217004715192
0.0
0.0
0.0
0.0
0.0
0.0
0.0
0.0
0.0
0.0
0.008439241651290943
0.0
0.0
0.0
0.0011050396974537254
0.0006557377049180327
0.0
0.0
0.00019619500594530322
0.0
0.0
0.0008793818772172447
0.0
0.0
0.0
0.0
0.0
0.01768017786296227
0.0
0.004690054655849988
0.010785198486181969
0.002307683990310075
0.0
0.009856339189803396
0.004428130406967919
0.0
0.0
0.006095804766050209
0.0
0.0
0.006019848057033012
0.0
0.0
0.0
0.0
0.0
0.0
0.0
0.0
0.0
0.00046666666666666677
0.0
0.0
0.0
0.0
0.0
0.0
0.004446546900645274
0.0008887436093318444
0.0
0.0
0.0
0.00034891835310537343
0.0
0.0
0.012002553395752753
0.0
0.0
0.0
0.0
0.0
0.005492231878028637
0.0
0.0
0.0
0.0
0.0
0.0
0.0
0.0
0.0
0.0
0.0
0.0
0.0
0.0
0.0
0.0
0.0
0.0
0.0
0.0
0.0
0.0
0.0
0.0
0.00018784153005464482
0.0
0.0
0.0
0.0
0.0
0.0
0.0
0.0
0.0
0.0
0.0
0.0
0.0
0.0
0.0
0.0
0.0002696179129005752
0.0
0.0
0.0
0.0
0.0
0.0
0.0
0.0
0.0
0.005321598121955866
0.008071004894934094
0.0
0.0
0.0
0.0
0.0
0.0
0.0
0.0
0.0
0.0
0.0
0.0
0.00883950862794298
0.0
0.001500856130091721
0.0
0.0
0.0
0.0
0.012091667029334351
0.0
0.0007820737287069907
0.0
0.0
0.0
0.000902444119490286
0.0
0.0
0.0
0.007845089963745227
0.0
0.0
0.0
0.0
0.0
0.0
0.0005902714519948988
0.008609930628536317
0.0
0.0007090804236132957
0.003089685975275314
0.0
0.0005578968401740219
0.0
0.005422802129058558
0.0
0.0
0.004848437648278566
0.0
0.0
0.0015873510714721393
0.0
0.0
0.0
0.005565228520530169
0.0018256599275308174
0.0
0.0
0.0
0.0
0.0
0.001702944652452592
0.00018679950186799505
0.0
0.0
0.0
0.0
0.0
0.0
0.0
0.0
0.0
0.0
0.0
0.0
0.0008700275508724443
0.0
0.0
0.0
0.004217422796648698
0.0
0.0
0.0
0.0
0.0
0.0
0.0
0.0
0.0
0.0
0.0
0.0
0.0
0.0
0.0
0.0007373422906767164
0.0
0.0
0.0
0.0
0.0010434143570897053
0.0
0.0
0.0018400728841042443
0.0
0.0
0.0
0.0
0.0
0.0
0.0
0.0
0.0
0.0
0.0
0.0
0.0034107002321214276
0.0
0.0
0.0
0.0
0.0
0.0
0.0
0.0
0.0
0.010194032795486798
0.00392819919916962
0.0
0.0
0.0
0.0
0.0
0.0005039244023570368
0.0
0.0
0.0
0.0
0.0
0.0
0.0
0.0
0.0
0.0005062680810028929
0.0
0.0
0.0
0.0
0.008502106139502263
0.0
0.0
0.0
0.01530852318608364
0.0027731303322752576
0.0
0.00023845007451564829
0.0
0.0
0.0
0.0
0.0
0.0
0.0034906103105114016
0.0
0.0
0.0
0.00015686274509803917
0.0
0.0
0.0
0.0
0.006567521619919239
0.0
0.0
0.005268176433915135
0.0
0.0
0.0
0.0014186739491615496
0.0
0.0037371276715843188
0.0
0.0
0.0004935370152761457
0.0
0.0
0.0
0.0
0.0
0.0
0.0
0.0037341844681946686
0.0
0.0007743362831858405
0.0
0.0
0.0
0.0
0.0
0.0
0.0
0.0
0.0
0.0
0.0
0.0
0.0
0.0
0.0
0.0
0.0
0.0
0.0
0.0
0.01693266921144068
0.0
0.0006194690265486725
0.0
0.0
0.0
0.0
0.0
0.0
0.0
0.0
0.0
0.0
0.0009045905807882708
0.0
0.0
0.0
0.0
0.0
0.0
0.0
0.0
0.0
0.0
0.0
0.0
0.006158389776382618
0.0
0.0
0.0
0.0
0.007917798832818531
0.0
0.0
0.000739884393063584
0.0006767283349561828
0.005746640766926088
0.0
0.0
0.0
0.0
0.0
0.0
0.0
0.0
0.0
0.0032228743997429316
0.0
0.0006954369599311084
0.0
0.0
0.0
0.0
0.011661695428245805
0.005954792216355067
0.0011317365269461078
0.0
0.0
0.0
0.0
0.0
0.0
0.0
0.0
0.0
0.0
0.0
0.0
0.0
0.0
0.0
0.0017458140864229962
0.0
0.0
0.0
0.0
0.00481418140823803
0.0
0.0
0.0
0.0
0.0
0.0009166782384407778
0.0
0.0006811989100817438
0.0019404885694048856
0.0
0.0
0.014390865136452071
0.0
0.0
0.0007164687048708679
0.0
0.0
0.0
0.0
0.0
0.0
0.0
0.0009685788411646006
0.0
0.0
0.0
0.0
0.0
0.0
0.0
0.0
0.0
0.0036710621228096896
0.0
0.006513623599575381
0.0
0.0036002408373188802
0.0
0.0
0.01120083105874386
0.0
0.0
0.0
0.0
0.0
0.0
0.0
0.0
0.0
0.0
0.0
0.0
0.0017502558853633569
0.0
0.0
0.0
0.0030518585494417657
0.0
0.0
0.0015288056206088998
0.0
0.0
0.0
0.0
0.0
0.009484681937710154
0.0
0.0
0.0
0.0
0.0
0.0
0.0
0.0
0.0
0.00036631693198263386
0.0
0.0
0.0002502234137622879
0.0
0.0
0.0
0.0
0.00645019119970972
0.0
0.0
0.000197036246459505
0.0
0.0
0.00045470949115842657
0.0
0.0
0.0
0.0
0.0
0.0
0.014870719915259758
0.0
0.0
0.0
0.0
0.0
0.00427955899389088
0.0007744868035190616
0.0
0.0
0.0
