0.0
0.0
0.0
0.0
0.0
0.0
0.0
0.0
0.007432426111156967
0.00023303743106167893
0.0
0.0
0.0
0.0
0.0
0.0
0.0
0.0
0.0008382473644687898
0.0
0.0
0.0
0.0
0.006922457614995967
0.0
0.0
0.0
0.0
0.0
0.0
0.0
0.00885513604422334
0.012853641617374846
0.0
0.0
0.0
0.0
0.0
0.012884288298387161
0.0
0.0045524184816597936
0.0
0.0
0.0
0.0005003573981415298
0.0
0.0
0.0
0.0
0.0
0.0
0.0
0.0
0.0
0.0
0.0
0.0
0.0
0.00039790269349515627
0.0
0.0
0.0
0.0
0.0035589757043861248
0.006702077568607
0.0
0.0
0.0
0.0
0.007412632311116743
0.01212446457720541
0.0
0.0
0.0
0.0
0.0
0.0
0.0
0.0
0.0
0.0
0.0
0.0013194801942314918
0.0
0.0
0.0
0.00028901734104046245
0.0
0.0
0.0
0.007413748362957548
0.0
0.0
0.0
0.0
0.0
0.0
0.001114254901726697
0.0
0.0
0.0
0.0
0.0
0.0
0.0
0.014270004849828552
0.0
0.0
0.0
0.0
0.0
0.0
0.0
0.0
0.0
0.0
0.0
0.0
0.0
0.0
0.001012918657074868
0.0034435094483668337
0.0
0.0
0.0
0.0
0.00031363763651638205
0.0
0.0
0.0
0.0
0.0
0.0
0.0
0.0008038776872813795
0.0
0.0
0.0
0.0
0.0
0.00862817060416113
0.0
0.0
0.006666762676505282
0.0
0.0
0.010545550394790682
0.0
0.0
0.0
0.005393428036383364
0.007978525231950539
0.0
0.0
0.0
0.0
0.0
0.011674006091943303
0.0
0.0
0.0
0.0
0.0
0.0
0.0
0.0
0.0
0.0
0.0
0.0
0.0
0.0
0.0
0.0
0.0
0.0
0.0
0.0
0.0
0.001040527089159596
0.0
0.007058148306027556
0.0
0.0
0.0
0.0
0.0
0.009198406513176324
0.0
0.0
0.0
0.0
0.0
0.0
0.0
0.0
0.0
0.0
0.0
0.0
0.0
0.0
0.0
0.010607791308750345
0.0
0.0
0.0
0.0
0.0
0.006633968824934996
0.010874682366185837
0.0
0.012737956773004648
0.0
0.0
0.0
0.0
0.011095685086783437
0.0
0.0
0.0
0.0
0.0
0.0
0.0
0.0010422482610522384
0.0
0.0
0.0003064110622250157
0.0
0.0
0.0
0.0
0.0
0.0
0.0
0.0
0.0
0.0
0.0
0.005097273916712373
0.0
0.0
0.0
0.0
0.0
0.0
0.0
0.0
0.00819934909826014
0.0
0.0
0.0
0.0
0.0
0.0
0.00042572320059231075
0.0
0.0
0.0
0.0
0.0
0.0
0.0
0.0
0.0
0.0
0.0
0.0
0.0
0.0
0.0
0.007450112291967823
0.0
0.0
0.0
0.0
0.0
0.0
0.0
0.0
0.0
0.0
0.0
0.0
0.0
0.0
0.0
0.0
0.002783071836792661
0.0
0.0
0.0
0.0
0.0
0.0
0.0
0.0
0.0
0.0
0.0
0.0
0.0
0.0
0.0
0.0
0.0
0.0
0.0
0.0
0.0
0.0
0.0
0.0
0.0
0.0
0.0033012281973493663
0.0
0.0
0.0
0.011523607857156922
0.0
0.0
0.0
0.006403889969623069
0.0
0.0
0.0
0.0
0.0
0.0
0.0
0.0
0.005417485463907092
0.0
0.0006382665184848612
0.0
0.0
0.0
0.004048243086506915
0.0
0.0
0.0006431833097302335
0.0
0.0
0.0
0.0
0.0
0.0
0.0
0.0
0.0
0.0
0.0
0.0
0.0
0.0011256232790057303
0.0
0.0
0.0050570110028721315
0.0
0.0
0.0
0.0
0.0
0.0
0.0
0.0
0.010108587828443498
0.0
0.0
0.0
0.0004017621145374447
0.0
0.0
0.0
0.0
0.0
0.0
0.0
0.0
0.0
0.005212626831585536
0.0
0.0
0.0
0.0
0.0
0.0
0.0
0.0
0.0
0.0
0.0
0.0
0.0
0.0
0.0
0.0
0.0
0.0
0.0
0.005754683325425383
0.0
0.0
0.0
0.0
0.0
0.0
0.0
0.0
0.0
0.01825263294577647
0.0
0.0
0.0
0.0
0.0
0.0
0.0
0.0
0.0
0.0
0.0
0.0
0.0
0.007668585568658175
0.005275045610169453
0.0
0.0
0.0
0.0
0.0
0.0
0.0
0.008118372346885859
0.0
0.0
0.0
0.0
0.0
0.0
0.0
0.000880340299611615
0.0
0.0
0.0
0.002892839648413876
0.0
0.0
0.0
0.0
0.011244117020894706
0.0
0.0166558797587781
0.0
0.0022957386155982758
0.0
0.0
0.018455102259177115
0.0
0.0
0.0
0.0
0.012180968751782937
0.0
0.0
0.0
0.0
0.0
0.0
0.0
0.0
0.0
0.0
0.0
0.0
0.0
0.0
0.0
0.0
0.0037584922134410205
0.0
0.0
0.0
0.0
0.0
0.0
0.0
0.0
0.0
0.0
0.0032540380869038833
0.0
0.0
0.0
0.00444452649813855
0.0
0.0
0.0
0.0
0.0
0.0
0.0
0.0
0.0
0.0
0.0
0.0
0.0
0.0
0.0
0.0
0.0
0.0
0.0
0.0
0.0
0.0
0.0
0.0
0.0
0.0003169035543306767
0.0
0.0
0.0
0.0
0.0
0.0
0.0
0.0
0.0
0.0
0.0
0.0
0.0
0.0
0.0
0.0
0.0
0.0
0.0
0.0
0.0
0.0
0.0
0.0
0.0
0.0
0.0
0.0
0.008499637236876556
0.0
0.0
0.0
0.0
0.0
0.0
0.0
0.0
0.0
0.009922167894573678
0.0
0.004090112035905384
0.0
0.0
0.0
0.0
0.0
0.0
0.0
0.0
0.0
0.0
0.0
0.0
0.009792738156227917
0.0
0.0
0.0
0.0
0.0
0.0
0.0
0.0
0.0
0.0
0.0
0.0
0.0
0.0
0.0
0.0
0.0
0.0
0.0
0.0025916453537936906
0.0
0.0
0.0
0.0
0.0037549120149837456
0.0003273945844528497
0.0
0.0
0.010106828995477673
0.0
0.0
0.0
0.0
0.0
0.0
0.0
0.007922890096999126
0.0
0.0
0.0030055500389524837
0.0
0.0
0.0
0.0
0.0
0.0
0.001391759369288693
0.0
0.0
0.0
0.0
0.0
0.013539427901171304
0.0
0.004717693244706567
0.0
0.0
0.0
0.0
0.0
0.0
0.0
0.0
0.0
0.001123507228158391
0.0
0.0
0.0
0.000830547276575526
0.0
0.002002801120448179
0.0031556318746674855
0.0
0.0
0.0
0.0
0.0
0.0
0.0
0.0
0.0
0.0
0.0
0.0
0.0
0.0
0.009950520776622734
0.0
0.0
0.0
0.0
0.007689771813148123
0.0
0.0003654329207396426
0.0
0.0008932695403586403
0.0
0.0
0.0
0.008151761539744467
0.0
0.010272553255049928
0.0
0.0
0.0
0.0
0.0
0.0
0.0
0.0
0.0
0.013003528727634682
0.0
0.00023301793531987
0.0
0.0
0.0
0.0
0.0
0.0
0.0
0.00777544709406935
0.0
0.0
0.0
0.0
0.0
0.0
0.0
0.0
0.0
0.0003600741329097168
0.0
0.0
0.0
0.0
0.0
0.0
0.0
0.0
0.0
0.0028055518364687847
0.01073738806108402
0.0
0.0
0.0
0.0
0.009725730112302395
0.0
0.0020854998399279082
0.0
0.0
0.0
0.0
0.0
0.0
0.0
0.0
0.0
0.0
0.0
0.0
0.0
0.0
0.0
0.0
0.0
0.0
0.0
0.0
0.0
0.0
0.0
0.0
0.0
0.0
0.0
0.011831071185025134
0.0
0.005419194223160177
0.009505984056159279
0.0
0.0
0.01075682427120317
0.0028091439192151897
0.0
0.0
0.0049223921542560535
0.0
0.0
0.006220888713283801
0.0
0.0
0.0
0.0002281497058852704
0.0
0.0
0.0
0.0
0.0
0.0
0.0
0.0
0.0
0.0
0.0
0.0
0.006158482131797809
0.0
0.0
0.0
0.0
0.0
0.0
0.0019906750991004083
0.020905650295836957
0.0
0.0
0.0
0.0
0.0
0.00839533030633296
0.0
0.0
0.0
0.0
0.0
0.0
0.0
0.0
0.0
0.0
0.0002808533621388065
0.0
0.0
0.0
0.0
0.0
0.0
0.0
0.0
0.0
0.0
0.0
0.0
0.000828856955533291
0.0
0.0002954306722689076
0.0
0.0
0.0
0.0
0.0
0.0
0.0
0.0
0.0
0.0
0.0
0.0017412944399467745
0.0
0.0
0.0
0.0008006200203893528
0.0
0.0
0.0
0.0
0.0
0.0
0.0
0.0
0.0
0.003344569967583077
0.007985171209521429
0.0
0.0005540073978632094
0.0
0.0
0.0
0.0
0.0
0.0
0.0
0.0
0.0
0.0
0.013496258808190088
0.0
0.006936882750135443
0.0
0.0
0.0
0.0
0.0006076176209110064
0.0
0.0
0.0
0.0
0.0
0.0
0.0
0.0
0.0
0.00590671726232181
0.0
0.0
0.0
0.0
0.0
0.0
0.0
0.003949955486522836
0.0
0.0
0.0
0.0
0.0
0.0
0.005122069294764959
0.0
0.0
0.010744455475337405
0.0
0.0
0.0
0.0
0.0
0.0
0.012076900421770757
0.00798713625962847
0.0
0.0
0.0012581111992904161
0.0
0.0004083825900053734
0.0009725696123816761
0.0
0.0
0.0
0.0
0.0
0.0
0.0
0.0
0.0
0.0
0.0
0.0
0.0011761411369364324
0.01012430711923203
0.0
0.0
0.0
0.0035686187237654442
0.0
0.0
0.0
0.0
0.0
0.0
0.0
0.0
0.0
0.0
0.0
0.0
0.0
0.0
0.0
0.0
0.0
0.0
0.0
0.0
0.0
0.0
0.00027558648248303424
0.0
0.0
0.0
0.0
0.0
0.0
0.0
0.0
0.0
0.0
0.0
0.0
0.0003844313981300284
0.009448031174918877
0.0
0.0
0.0
0.0004429882546799258
0.0
0.0
0.0
0.0
0.0
0.015588514029177148
0.013746287860620075
0.0
0.0
0.0
0.0
0.0
0.000771850170261067
0.0
0.0
0.0
0.0
0.0
0.0
0.0
0.0
0.0
0.0
0.0
0.0
0.0
0.0
0.005136235908036108
0.0
0.0
0.0
0.014705984591100276
0.0024235457759403433
0.0
0.0
0.0
0.0
0.0
0.0
0.0
0.0
0.005052536647060167
0.0
0.0
0.0
0.0
0.0
0.0
0.00042360563146310074
0.0
0.0027475508969965735
0.0
0.0
0.003264985850270132
0.0
0.0
0.0
0.0
0.0
0.01478135597264377
0.0
0.0
0.0
0.0
0.0
0.0
0.0002218286552532246
0.0
0.0
0.0
0.004354657407638699
0.0007287197948175325
0.0
0.0
0.0
0.0
0.0
0.0
0.0
0.0
0.0
0.0
0.0
0.0
0.0
0.0
0.0
0.0
0.0
0.0
0.0
0.0
0.0
0.006839898270229632
0.0
0.0010710938545990091
0.0
0.0
0.0
0.0
0.0
0.0
0.0
0.0
0.0
0.0
0.0
0.0
0.0
0.0
0.0
0.0
0.0
0.0
0.0
0.0002542142057319251
0.0
0.0
0.0
0.009321525482523876
0.0
0.0
0.0
0.0
0.003454705013930058
0.0
0.0
0.0
0.0
0.0036901438309305495
0.0
0.0
0.0
0.0
0.0005116398055768739
0.0008958313894453743
0.0
0.0
0.0
0.0
0.0
0.0
0.0
0.0
0.0
0.0
0.013744820663879782
0.006484667259028586
0.0
0.0
0.0
0.0
0.0
0.0
0.0
0.0
0.0
0.0
0.0
0.0
0.0
0.0013286794440328154
0.0
0.0
0.009878304361939018
0.0
0.0
0.0
0.0
0.002210217636176535
0.0
0.0
0.0
0.0
0.0
0.0
0.0
0.0
0.0025853670721654636
0.0
0.0
0.0034207638946449743
0.0
0.0
0.0
0.0
0.0
0.0
0.0
0.0
0.0
0.0
0.0
0.0
0.0
0.0
0.0
0.0
0.0
0.0
0.0
0.0
0.007204496570026924
0.0
0.010264713580175446
0.0
0.005365555338073912
0.0
0.0
0.0032077957693792763
0.0
0.0
0.0
0.0
0.0
0.0
0.0
0.0
0.0
0.0
0.0
0.0
0.0
0.0
0.0
0.0
0.0
0.0
0.0
0.0
0.0
0.0
0.0
0.00028632215218817747
0.0
0.0028843317132279385
0.0
0.0
0.0
0.0
0.0
0.0
0.0
0.0
0.0
0.0
0.0
0.0
0.0
0.0
0.00026642138983158366
0.0
0.0
0.006000693747386221
0.0
0.0
0.0
0.0
0.0
0.0
0.0
0.0
0.0
0.0
0.0
0.0
0.008177501967198034
0.0
0.0
0.0
0.0
0.0
0.0
0.0
0.0
0.0
0.0
