0.0
0.0
0.0
0.0
0.0
0.0
0.0
0.0
0.0
0.0002528899085931257
0.0
0.0
0.0
0.0
0.0
0.0
0.0
0.0
0.0
0.0
0.0
0.0
0.0
0.011790240016438979
0.0
0.0
0.0
0.0
0.0
0.0
0.0
0.0013603053435114504
0.012676719521255422
0.0
0.0
0.0
0.0
0.0
0.018307982016657627
0.0
0.010323224213360231
0.0
0.0
0.0
0.0
0.0
0.0
0.0
0.0
0.0
0.0
0.0
0.0
0.0
0.0
0.0
0.0
0.0
0.0
0.0
0.0
0.0
0.0
0.0026891493814992407
0.010125248053582073
0.0
0.0
0.0
0.0
0.009198429850878343
0.013937712416451338
0.0
0.0
0.0
0.0
0.0
0.0
0.0
0.0
0.0
0.0
0.0
0.0
0.0
0.0
0.0
0.0
0.0
0.0
0.001437625299101079
0.006719108865549977
0.0
0.0
0.0
0.0
0.0
0.0
0.0
0.0
0.0
0.0
0.0
0.0
0.0
0.0
0.0073241529069215
0.0
0.0
0.0
0.0
0.0
0.0
0.0
0.0
0.0
0.0
0.0
0.0
0.0
0.0
0.0
0.0020807178959022996
0.0
0.0
0.0
0.0
0.0002782265740546399
0.0
0.0013849381675547885
0.0
0.0
0.0
0.0
0.0
0.0
0.0
0.0
0.0
0.0
0.0
0.0019227589536252002
0.0
0.0
0.0
0.0
0.0
0.00962653978079987
0.0
0.0
0.0
0.0019263421109498968
0.008294324471478438
0.0
0.0
0.0
0.0
0.0
0.012372726568147762
0.0
0.0
0.0
0.0
0.0
0.0
0.0
0.0
0.0
0.0
0.0
0.0
0.0
0.0
0.0
0.0
0.0021502715946512783
0.0
0.0
0.0
0.0
0.0
0.0
0.008946476613968034
0.0
0.0
0.000318879001050425
0.0
0.0
0.008817078242905046
0.0
0.0011653578038388263
0.0
0.0
0.0
0.0
0.0
0.0
0.0
0.0
0.0
0.0
0.0
0.0
0.0
0.0
0.0
0.0
0.0
0.0
0.0
0.016497628760760174
0.02064308260701908
0.0
0.01675659449796869
0.0
0.0
0.0
0.0
0.0072220305489329
0.0
0.0
0.0
0.0
0.0
0.0
0.00040602850802278926
0.0
0.0
0.0
0.0
0.0
0.0
0.0
0.0
0.0
0.0
0.0
0.0
0.0
0.0
0.0
0.020040367659633008
0.0
0.0
0.0
0.0
0.0
0.0
0.0
0.0
0.00912316247440417
0.0021522641532416373
0.0
0.0
0.0
0.0
0.0007217736821157875
0.0
0.0
0.0
0.0
0.0
0.0
0.0
0.0
0.0
0.0
0.0
0.0
0.0
0.0
0.0
0.0003601985094007364
0.006998388582783785
0.0
0.0
0.0
0.0
0.0
0.0
0.0
0.0
0.0
0.0
0.0
0.0
0.0
0.0
0.0
0.0
0.0
0.0
0.0
0.0
0.0
0.004030902392746366
0.0002680869316557051
0.0
0.0
0.0
0.0
0.0
0.0
0.0
0.0
0.0
0.0
0.0
0.0
0.0
0.0
0.0
0.0
0.0
0.0
0.0
0.0
0.012744893820722969
0.0
0.0
0.0
0.017007541928501305
0.0
0.0
0.0
0.008780185907968925
0.0
0.0
0.0
0.001749393543571562
0.0
0.0
0.0
0.0
0.0038436518695529748
0.0
0.0
0.0
0.0
0.0
0.0016082765960019844
0.0
0.0
0.0007696649391964698
0.0
0.0
0.0
0.0
0.0
0.0
0.0
0.0
0.0
0.0
0.0
0.0
0.0
0.0
0.0006254238871312944
0.0
0.002536409637048913
0.0
0.0
0.0
0.0
0.0013509501187648455
0.0
0.0
0.0
0.003393251814375852
0.0
0.0
0.0
0.0
0.0
0.0018501035448897558
0.0
0.0
0.0
0.0
0.0
0.0
0.0
0.0025805041585004827
0.0
0.006892372618006804
0.0
0.0
0.0
0.0
0.0
0.0
0.0
0.0
0.0
0.0
0.0
0.0
0.0
0.0
0.0
0.0
0.0
0.0
0.0
0.0
0.0
0.0
0.00156006884113299
0.0
0.0
0.0
0.0
0.00864456579019695
0.0
0.0
0.0
0.0
0.0
0.0
0.0
0.0
0.0
0.0
0.0006159790258037808
0.0
0.0
0.003636008455773364
0.005595341864840896
0.0
0.0
0.0
0.0
0.0
0.0
0.0
0.01183929868349342
0.0
0.0
0.0
0.0
0.0
0.0
0.0
0.0
0.0
0.0
0.0
0.00925209225547985
0.0
0.0
0.0
0.0
0.012255971458472443
0.0
0.011235197107672366
0.0
0.009042391069131604
0.0
0.0
0.017485095345072546
0.0
0.0
0.0
0.0
0.02066085036600819
0.0
0.0
0.0
0.0
0.0
0.0
0.0
0.0
0.0
0.0
0.0
0.0
0.0
0.0
0.0
0.0
0.007128685765272067
0.0
0.0
0.0
0.0
0.0
0.0
0.0
0.0
0.0
0.0
0.0030035956194987166
0.0
0.0
0.0
0.007524367115389732
0.0
0.0
0.0
0.0
0.0
0.0
0.0
0.0
0.0
0.0
0.0
0.0
0.0
0.0
0.0
0.0
0.0
0.0
0.0008716027993992383
0.0
0.0
0.0
0.0
0.0
0.0
0.0
0.0
0.0
0.0
0.0
0.0
0.0
0.0
0.0
0.0
0.0
0.0
0.0
0.0
0.0
0.0
0.0
0.0
0.0
0.0
0.0
0.0
0.0
0.0
0.0
0.0
0.0
0.0
0.0
0.0064657172042681356
0.0
0.0
0.0
0.0
0.0
0.0
0.0
0.0
0.0
0.012369839142768119
0.0
0.0
0.0
0.0
0.0
0.0
0.0
0.0
0.0
0.0
0.0
0.0
0.0
0.0
0.004119804110429781
0.0
0.0
0.0
0.0
0.0
0.0
0.0
0.0
0.0
0.0
0.0006997713079037931
0.0
0.0
0.0
0.0
0.0
0.0
0.0
0.0
0.002223889555822329
0.0
0.0
0.0
0.0
0.005017612657549056
0.0
0.0
0.0
0.018615619361918908
0.0
0.0
0.0
0.0
0.0
0.0
0.0
0.002441476162821393
0.0
0.0
0.007112322940951445
0.0
0.0
0.0
0.0
0.0
0.0
0.0012522453008781283
0.0
0.0
0.0
0.0
0.0
0.0028129829984544046
0.0
0.0
0.0
0.0
0.0
0.0
0.0
0.0
0.0
0.0
0.0
0.0
0.0
0.0
0.0
0.0
0.0
0.002737555814845202
0.0028513691249947267
0.0
0.0
0.0
0.0
0.0
0.0
0.0
0.001087659230381606
0.0
0.0
0.0
0.0
0.0018031132573978394
0.0
0.019411188580271202
0.0
0.0
0.0
0.0
0.011213948869193732
0.0
0.0
0.0
0.0
0.0
0.0
0.0
0.0
0.0
0.007624128146742038
0.0
0.0
0.000256657927418242
0.0
0.0
0.0
0.0
0.0
0.0
0.015844280577282804
0.0
0.0
0.0
0.0
0.00036956082276241967
0.0
0.0
0.0
0.0
0.007664226080199348
0.0
0.0
0.0
0.0
0.0
0.0
0.0
0.0
0.0
0.0
0.0
0.0
0.0
0.0
0.0
0.0
0.0
0.0
0.0
0.0
0.011332500123226872
0.0
0.0
0.0
0.0
0.007668299400580444
0.0
0.0
0.0
0.0
0.0
0.0
0.0
0.0
0.0
0.0
0.0
0.0004084235037562027
0.0029897742229421874
0.0
0.0
0.0
0.0
0.0
0.0
0.0
0.0
0.0
0.0
0.0
0.0
0.0
0.0
0.0
0.0
0.013152952133658767
0.0
0.008261275905901611
0.0098270036129946
0.0
0.0
0.006694199925407287
0.0034614264254510503
0.0
0.0
0.0019172941830494761
0.0
0.0
0.010330762882802835
0.0
0.0
0.0
0.0
0.0
0.0
0.0
0.0
0.0
0.0
0.0
0.0
0.0
0.0
0.0
0.0
0.01435278944342096
0.0
0.0
0.0
0.0
0.0
0.0
0.0
0.006321067893267429
0.0
0.0
0.0
0.0
0.0
0.0030366267215947806
0.0
0.0
0.0
0.0
0.0
0.0
0.0
0.0
0.0
0.0
0.0
0.0
0.0
0.0
0.0
0.0
0.0
0.0
0.0
0.0
0.0
0.0
0.0
0.0020202384411606884
0.0
0.0
0.0
0.0
0.0
0.0
0.0
0.0
0.0
0.0
0.0
0.0
0.0
0.0
0.0
0.0
0.0
0.0
0.0
0.0
0.0
0.0
0.0
0.0
0.0
0.0
0.0
0.0036825938581268257
0.002152396185097136
0.0013185020554324115
0.0
0.0
0.0
0.00038952418913815385
0.0
0.0
0.0
0.0
0.0
0.0
0.0
0.0029983398347315
0.0
0.001813944015749811
0.0
0.0
0.0003611595121178519
0.0005282316092440533
0.00525271224854549
0.0
0.0
0.00036766994184009966
0.0
0.0
0.0
0.0
0.0
0.0
0.013344185337560573
0.0
0.0
0.0
0.0
0.0
0.0
0.0
0.0028684214574124286
0.0
0.0
0.0
0.0
0.0
0.0
0.0022531989753143754
0.0
0.0
0.005366960791989433
0.0
0.0
0.0
0.0
0.0
0.0
0.010147727573444327
0.0133845368925445
0.0
0.0
0.0
0.0
0.0003763364219529581
0.0
0.0
0.0003406987830183388
0.0
0.0
0.0
0.0
0.0
0.0002976881913079775
0.0
0.0
0.0
0.0
0.0
0.01259138731234364
0.0
0.0
0.0
0.0025623255855330125
0.0
0.0
0.0
0.0
0.0
0.0
0.0
0.0
0.0
0.0
0.0
0.0
0.0
0.0
0.0
0.0
0.0
0.0
0.0
0.0
0.0
0.0
0.0
0.0
0.0
0.0
0.0
0.0
0.0
0.0
0.0
0.0
0.0
0.0
0.0
0.0
0.00732524492226063
0.0
0.0
0.0
0.0
0.0
0.0
0.0
0.0
0.0
0.01273331951329717
0.009811441415417342
0.00041027589326096784
0.0
0.0
0.0
0.0
0.00032949987746489835
0.0
0.0
0.0
0.0
0.0
0.0
0.0
0.0
0.0
0.0
0.0
0.0
0.0
0.0
0.015256533381945174
0.0
0.0
0.0
0.020013947574248746
0.0035955185858404038
0.0
0.0
0.0005541538609585788
0.0
0.0
0.0
0.0
0.0
0.005218629294295345
0.0
0.0
0.0
0.00022148394241417496
0.0
0.0
0.0
0.0
0.004442872659478276
0.0
0.0
0.007746168735640816
0.0
0.0
0.0
0.0
0.0010033179955570538
0.010910969578043259
0.0
0.0
0.0
0.0
0.0
0.0
0.0
0.0
0.0
0.0
0.0036519694366976786
0.0
0.0
0.0
0.0
0.0
0.0
0.0
0.0
0.0
0.0
0.0
0.0
0.0
0.0
0.0
0.0
0.0
0.0
0.0
0.0
0.0
0.0
0.004906831618500792
0.0
0.0
0.0
0.0
0.0
0.0
0.0
0.0008428506026520384
0.0
0.0
0.0
0.0
0.0
0.0
0.0
0.0
0.0
0.0
0.0
0.0
0.0
0.0
0.0
0.0
0.0
0.005306641640150371
0.0
0.0
0.0
0.0
0.004788950829196649
0.0
0.0
0.0
0.0
0.0
0.0
0.0
0.0
0.0
0.0
0.0
0.0
0.0
0.0
0.00144353998927132
0.0
0.0009324261635998137
0.0
0.0
0.0
0.0
0.009681087018772105
0.003584489317515708
0.0
0.0
0.0
0.0
0.0
0.0
0.0
0.0
0.0
0.0
0.0
0.0
0.0
0.0
0.0
0.0
0.01092571919191024
0.0
0.0
0.0
0.0
0.00500038170961646
0.0
0.0
0.0
0.0
0.0
0.0
0.0
0.0
0.0
0.0
0.0
0.007544320053546065
0.0
0.0
0.0
0.0
0.0
0.0
0.0
0.0
0.0
0.0
0.0
0.0
0.0
0.0
0.0
0.0
0.0
0.0
0.0
0.0
0.004698409360856999
0.0
0.005041087038145943
0.0
0.003656918013699278
0.0
0.0
0.010674490275978818
0.0007289798077365346
0.0
0.0
0.0
0.0
0.0
0.0
0.0
0.0
0.0
0.0
0.0
0.0
0.0
0.0
0.0
0.00020231013971503672
0.0
0.0
0.0
0.0
0.0
0.0
0.0
0.0
0.011550112928876612
0.0
0.0
0.0
0.0
0.0
0.0
0.0
0.0
0.0
0.0
0.00036894577066372313
0.0
0.0
0.0
0.0
0.0
0.0
0.007431101085708199
0.0
0.0
0.0
0.0
0.0
0.0
0.0
0.0
0.0
0.0
0.0
0.0
0.005935671591244558
0.0
0.0
0.0
0.0
0.0
0.006629573590623467
0.0
0.0
0.0
0.0
