0.0
0.0
0.0
0.0
0.0
0.0
0.0
0.0
0.0033944488571176403
0.0
0.0
0.0
0.0
0.0
0.0
0.0
0.0
0.0
0.0
0.0
0.0025372187021769914
0.0
0.0
0.011023356205752812
0.0
0.0
0.000566387477687766
0.0
0.0
0.0
0.0
0.012590091374500028
0.014672823590821999
0.0
0.0
0.0
0.0
0.0
0.008662118023149853
0.0
0.009347721515992917
0.0
0.0016534391534391538
0.0
0.0004947433518862092
0.0
0.0
0.0
0.0
0.0
0.004202908939374349
0.0
0.0
0.0
0.0
0.0022250865572783383
0.0
0.0
0.0
0.0
0.0
0.0
0.0018964532168757515
0.0
0.0021446298513419153
0.0
0.0
0.0
0.0
0.002488388465552472
0.006940662674122597
0.0
0.0
0.0
0.0
0.0
0.0
0.0
0.0
0.0
0.0
0.0
0.0
0.0
0.0
0.0
0.0
0.0
0.0
0.0
0.0048292937545388525
0.0
0.0
0.0
0.0
0.0
0.0
0.0
0.0
0.0
0.0
0.0
0.0
0.0
0.0
0.01423978781093151
0.0
0.0
0.0
0.0
0.0
0.0
0.0
0.0
0.0
0.0
0.0
0.0
0.0
0.0
0.0012078008901113587
0.01268188600431681
0.0
0.0
0.0
0.0
0.0020690089592448843
0.0
0.0
0.0
0.0
0.0
0.0
0.0
0.0
0.0
0.0
0.0
0.0
0.0
0.005086060054443892
0.0
0.0
0.0
0.0
0.0
0.0040597539237424455
0.0
0.0
0.0
0.004390128208891311
0.009676806286342512
0.0
0.0
0.0
0.0
0.0
0.016504506153277535
0.0
0.0
0.0
0.0
0.0
0.0
0.0
0.0
0.0010709823287915752
0.0
0.0
0.0
0.0
0.0
0.0
0.0
0.0
0.0
0.0
0.0
0.0
0.0
0.0
0.0026290475103531484
0.0
0.0
0.0
0.0
0.0
0.002247153825787662
0.0
0.0
0.0014416475972540046
0.0013828888054094664
0.0
0.0022724152135109154
0.0
0.0
0.0
0.0
0.0
0.0
0.0
0.0
0.0
0.0
0.0
0.0
0.0
0.0
0.0019219569015725103
0.007735996851291065
0.014926528259164063
0.0
0.0058583690122735056
0.0
0.0
0.0
0.0
0.014999303553483532
0.0
0.0
0.0
0.0
0.0
0.0
0.0
0.0
0.0023046543293022176
0.0
0.0
0.0
0.0
0.0
0.0
0.0
0.0
0.0
0.0
0.0
0.0
0.0
0.0
0.0
0.0
0.0
0.0
0.0
0.0
0.0
0.0
0.002761035805321962
0.0
0.0
0.0
0.0
0.0
0.0
0.0
0.0027516767086950282
0.0
0.0
0.0
0.0
0.0
0.0
0.0
0.0
0.0
0.0006364180892482782
0.0
0.0
0.0
0.0
0.0024461575783713847
0.0
0.0
0.0
0.0
0.0
0.0
0.0
0.0
0.0
0.0
0.0
0.0
0.0
0.0
0.0
0.0
0.0
0.0
0.0
0.0
0.0
0.004613177141104498
0.0
0.0
0.0
0.0
0.0
0.0
0.0
0.0
0.0
0.0008165487207403377
0.0
0.0
0.0
0.0
0.0
0.0
0.0
0.0
0.0
0.0
0.0
0.012966036569464611
0.0
0.0
0.0
0.009413928470495008
0.0
0.0
0.0
0.00254650113068583
0.0
0.0
0.0
0.0
0.0
0.0
0.0
0.0
0.004017530913693158
0.0
0.0
0.0
0.0
0.0
0.002421216915380339
0.0
0.0
0.0
0.0
0.0
0.0
0.0
0.0
0.0
0.0
0.0
0.0
0.0
0.0016025641025641027
0.0
0.0
0.0005282682193839219
0.0
0.0
0.0055245030081272906
0.0
0.0
0.0
0.0
0.0
0.0
0.0
0.0
0.0053825266086749745
0.0
0.0
0.0
0.0
0.0004924491135915956
0.0
0.0
0.0
0.0
0.0
0.0
0.0
0.0
0.00693294518366827
0.0
0.0017309594460929775
0.0
0.0
0.0
0.0
0.0
0.0
0.0
0.0
0.0
0.0
0.0
0.0
0.0
0.0
0.0
0.0
0.0
0.007789447696102165
0.0
0.0
0.0
0.0
0.0025509317401554922
0.0
0.0
0.0
0.0004377431906614786
0.013928768449520451
0.0
0.0
0.0
0.0
0.0
0.0
0.0
0.0
0.0
0.0
0.0
0.0
0.0
0.0024865279102567234
0.005798024771239057
0.0
0.0
0.001563368538076709
0.0
0.0
0.0
0.0
0.0
0.0
0.0
0.0
0.0
0.0
0.0
0.0
0.0
0.0
0.0
0.0
0.003404825928488384
0.0
0.0
0.0
0.0
0.009844120473299673
0.0
0.002464894829912978
0.0
0.011611214065590719
0.0
0.0
0.010823785176937235
0.0
0.003358681875792143
0.0
0.0
0.013494489102109077
0.0
0.0
0.0
0.0
0.0
0.0
0.0
0.0
0.0
0.0
0.0
0.0
0.0
0.0
0.0
0.0
0.002195121951219513
0.0
0.0
0.0
0.0
0.0
0.0
0.0
0.000443711967545639
0.0
0.0
0.006721516284802236
0.0
0.0
0.0
0.017139417125018045
0.0
0.0
0.0
0.0
0.0
0.0
0.0
0.0013952190493907546
0.0019616097438946
0.0
0.0
0.0
0.0
0.0
0.0
0.0
0.0
0.0
0.0
0.0
0.0
0.0
0.0
0.0
0.0
0.0
0.0
0.0
0.0
0.0
0.0
0.0004502814258911817
0.0
0.0
0.0
0.0
0.0015053439710973953
0.0
0.0
0.0
0.0
0.0
0.0
0.0
0.0
0.0
0.0
0.0
0.0
0.0
0.0
0.0
0.0
0.0
0.009314189912699182
0.0
0.0
0.0
0.0
0.0
0.0
0.0
0.0
0.0
0.017859311018367897
0.0
0.0016627407510045721
0.0
0.0
0.0
0.0
0.0
0.0
0.0
0.0
0.0
0.0
0.0
0.0
0.0020319958715004516
0.0
0.0
0.0
0.0
0.0
0.0017140194597177283
0.0020475999465169132
0.0
0.0
0.0018938307030129126
0.0
0.0
0.0
0.0
0.0020161290322580645
0.0
0.0
0.0
0.0018592901747889667
0.006244702463217558
0.0
0.0
0.0
0.0
0.018575080425683514
0.0
0.0
0.0
0.021756559919345646
0.0
0.0
0.0
0.0
0.0
0.0
0.0
0.01623041698754742
0.0
0.0
0.008648001513228825
0.0
0.0
0.0
0.0
0.0
0.0
0.0
0.0
0.0
0.0
0.0
0.0
0.00769590206768658
0.0
0.00401776864718074
0.0
0.0
0.0
0.0
0.0
0.0
0.0
0.0
0.0
0.0
0.0
0.0
0.0
0.0
0.0
0.0017730314554708269
0.0
0.0
0.0
0.0014246141669964393
0.0
0.0013575757575757577
0.0010869565217391307
0.0
0.006077440615744358
0.0
0.0
0.0024048820914638748
0.0
0.00345368536114935
0.0
0.010916412294764966
0.0
0.0
0.0
0.0
0.009112126167631488
0.00186965811965812
0.0
0.0
0.0
0.0
0.0
0.0
0.0026622718052738336
0.0
0.005318497806646882
0.0
0.0
0.0
0.0
0.0
0.0
0.0
0.0
0.0
0.008165857347067006
0.0032761923739131477
0.0
0.0
0.0
0.0
0.0
0.0
0.0
0.0
0.009330029110775701
0.0
0.0004357298474945533
0.0
0.0
0.0
0.0
0.0
0.0
0.0
0.0
0.0
0.0
0.0
0.0
0.0
0.0
0.0
0.0
0.0
0.0026801395567617693
0.004205856255545695
0.0
0.0
0.0
0.00048669608236395247
0.009654081596322552
0.0
0.0017768055344031086
0.0
0.0
0.0
0.0
0.0
0.0
0.0
0.0
0.0
0.0
0.003341904446951557
0.0
0.0
0.0
0.0
0.0
0.000877321245796169
0.0
0.0
0.0
0.0
0.0
0.0
0.0
0.0
0.0
0.0
0.008437388237241359
0.0
0.0017194440464249892
0.0038320005084221216
0.0
0.0
0.006352948160947783
0.010029613995596915
0.0
0.0
0.007486041107052235
0.0
0.0
0.005575311123975796
0.0011573811414955179
0.0
0.0
0.0
0.0
0.0
0.0
0.0
0.0
0.0013416815742397137
0.0
0.0
0.0
0.0
0.0
0.0
0.014554968893613107
0.0
0.0
0.0
0.0
0.0
0.0
0.0
0.008217017095801868
0.0
0.0
0.0
0.0
0.0
0.00780866208955755
0.0
0.0
0.0
0.0
0.0
0.0
0.0
0.0
0.0
0.0
0.0
0.0
0.0
0.0
0.0
0.0
0.0012175541878512177
0.0
0.0
0.0
0.0
0.0
0.0
0.0
0.0005321505624903685
0.0
0.0
0.0
0.0
0.0
0.0
0.0
0.0
0.0
0.0
0.0
0.0
0.0
0.0
0.0
0.0011708190383806106
0.0
0.0
0.0
0.0
0.0
0.0
0.0
0.0
0.0
0.0
0.012342911802702536
0.005637114541769169
0.0
0.0
0.0
0.0
0.0
0.0
0.0
0.0
0.0
0.0
0.0
0.0
0.0037046884275013176
0.0
0.0
0.0014492753623188406
0.0
0.0
0.0
0.006688762885633235
0.0
0.0
0.0
0.0
0.0
0.0
0.0
0.0
0.0
0.004648494110200163
0.0
0.002424185021267802
0.0
0.0
0.0
0.0
0.0
0.004333416344996471
0.0
0.0
0.005601934559897005
0.0
0.0
0.0
0.0025755428004864485
0.0
0.0
0.0048234899135903495
0.0
0.0
0.002061855670103092
0.0
0.0
0.0
0.0
0.004904278213546132
0.0
0.0
0.0
0.0
0.0
0.003181690212114413
0.0
0.0
0.0
0.0
0.0
0.0
0.0
0.0
0.0
0.0
0.0
0.0
0.0
0.0
0.0
0.0
0.0016287402857275812
0.0036424001798110285
0.0
0.0
0.0
0.0
0.0
0.0
0.0
0.0
0.0
0.0
0.0005621378955893346
0.0030622365484750808
0.0
0.0
0.0
0.0
0.0
0.0
0.0
0.0
0.0
0.0
0.0
0.0
0.0
0.0004447607187333215
0.0
0.0
0.0
0.0
0.0
0.0
0.0
0.0
0.0
0.0
0.003542041902420077
0.0
0.0
0.0
0.0
0.0
0.0
0.0
0.0
0.0
0.011806412494415545
0.003194993861683263
0.0
0.0
0.0
0.0
0.0
0.0
0.0
0.0
0.0
0.0
0.0
0.0
0.0
0.0
0.0
0.0
0.0
0.0
0.0
0.0
0.016856735978832832
0.0
0.0
0.0
0.017429770629967353
0.003574050135322806
0.0
0.0
0.0
0.0
0.0
0.0
0.0
0.001691683070866142
0.007383412806636673
0.0
0.0
0.0
0.00044045102184637065
0.0
0.0
0.0
0.0
0.018221269350949913
0.0
0.0
0.006189861472005328
0.0
0.0
0.0
0.0
0.0
0.0066422787226902424
0.0
0.0
0.0
0.000866718027734977
0.0
0.0
0.0
0.0
0.0
0.0008591065292096219
0.005078335074340352
0.0
0.0
0.0
0.0
0.0
0.0006828295525526576
0.0
0.0
0.0
0.0
0.0
0.0
0.0
0.0
0.0
0.0
0.0
0.0
0.0
0.0
0.0
0.0
0.011894660481029082
0.0
0.0
0.0
0.0
0.0
0.0
0.0
0.0
0.0
0.0
0.0
0.0
0.0
0.0
0.0
0.0010332713370531101
0.0
0.0
0.0
0.0
0.0
0.0
0.0021645021645021645
0.0
0.0
0.009001090113428731
0.0
0.0
0.0
0.0
0.003962165422291339
0.0
0.0006978809795711205
0.0
0.0
0.0
0.0
0.0
0.0
0.00047978505629478
0.0
0.0
0.0
0.0
0.0
0.001149296196466008
0.0
0.0
0.0
0.0
0.0
0.0
0.003852378472082087
0.00824526466651662
0.0
0.0
0.0
0.0
0.0
0.0
0.0
0.0
0.0
0.0
0.0
0.0019525250266529334
0.0
0.0
0.0
0.0
0.006415960531116402
0.0
0.0
0.0
0.0
0.003047720015650043
0.0
0.0
0.0
0.0
0.0
0.0
0.0
0.0
0.0
0.0
0.0
0.0023066764584621733
0.0
0.0
0.0
0.0
0.0
0.0
0.0
0.0
0.0
0.0
0.0
0.0
0.0
0.0
0.0
0.0
0.0
0.0
0.0
0.0
0.0022260771874173945
0.0
0.0029531051964512022
0.0
0.006399525444915343
0.0
0.0
0.009424721344968023
0.0
0.0
0.0
0.0
0.0
0.0
0.0
0.0
0.0
0.0
0.0
0.0
0.0
0.0
0.0
0.0
0.0036753848975397165
0.0
0.0
0.0
0.00294864169814956
0.0
0.0
0.0
0.0
0.0
0.0
0.0
0.0
0.0
0.0
0.0
0.0
0.0
0.0
0.0
0.0
0.00179926527766605
0.0
0.0025925925925925934
0.0
0.0
0.0
0.015600695335284916
0.0
0.0
0.0
0.0
0.000560943566124913
0.0
0.0
0.0
0.0
0.0
0.0
0.0
0.008877504645415096
0.0
0.0
0.0
0.0
0.0
0.006542270364651984
0.0
0.0
0.0
0.0
