0.0
0.0
0.0
0.0
0.0
0.0
0.0
0.0
0.0022709871876877754
0.0
0.0
0.0
0.0
0.0
0.0
0.0
0.0
0.0
0.0
0.0
0.0
0.0
0.0
0.011287426658437027
0.0
0.0
0.0
0.0004792332268370609
0.0
0.0
0.0
0.013155729782479643
0.006317581454221374
0.0
0.0
0.0
0.0
0.0
0.016666029682345027
0.0
0.0064450804544015465
0.0
0.0
0.0
0.0
0.0
0.0
0.0
0.0
0.0
0.0
0.0006419333522137262
0.0
0.0
0.0
0.0
0.0
0.0
0.0
0.0
0.0
0.0
0.0
0.0046352532086609876
0.005316117134877809
0.0
0.0
0.0
0.0
0.0038943968973686066
0.005035355257354747
0.0
0.0
0.0
0.0
0.0
0.0
0.0
0.0
0.0
0.0
0.0
0.0
0.0
0.0
0.0
0.0
0.0
0.0
0.0
0.005240622042077561
0.0
0.0
0.0
0.0
0.0
0.0
0.0
0.0
0.0
0.0
0.0
0.0
0.0
0.0
0.010860730173796612
0.0
0.0
0.0
0.0
0.0
0.0
0.0
0.0
0.0
0.0
0.0
0.0
0.0
0.0
0.0
0.006702524466137794
0.0
0.0
0.0
0.0
0.002933523798585388
0.0
0.0
0.0
0.0
0.0
0.0
0.0
0.0
0.0
0.0
0.0
0.0
0.0
0.002288591142490372
0.0
0.0
0.009053526677242556
0.0
0.0
0.007425650387739068
0.0
0.0
0.0
0.0031964851817261027
0.0
0.0
0.0
0.0
0.0
0.0
0.011986752313865479
0.0
0.0
0.0
0.0
0.0
0.0
0.0003720765414599575
0.0
0.0
0.0
0.0
0.0
0.0
0.0
0.0
0.0
0.0
0.0
0.0
0.0
0.0
0.0
0.0
0.002587769769648517
0.0
0.0
0.0
0.0013319261701537604
0.0015096458267097506
0.010851662938930695
0.0
0.0
0.0008985879332477536
0.0
0.0
0.0
0.0
0.0
0.0
0.0016844833171363776
0.0
0.0
0.0
0.0
0.0
0.0
0.0
0.0
0.0004029985345507834
0.0
0.0
0.007428998462738119
0.0079942043361215
0.0
0.0036045969769166655
0.0
0.0
0.0
0.0
0.005582754082115701
0.0
0.0
0.0
0.0
0.0
0.0
0.0
0.0
0.0
0.0
0.0
0.0
0.0
0.0
0.0
0.0
0.0
0.0
0.0
0.0
0.0
0.0
0.008402676742914011
0.0
0.0
0.0
0.0
0.0
0.0
0.0037467768595041318
0.0
0.005791678355191594
0.0
0.0
0.0
0.0
0.0
0.0
0.0
0.0
0.0
0.0
0.0
0.0
0.0
0.0
0.0
0.0
0.0
0.0
0.0
0.0
0.0
0.0
0.011402185932787476
0.0
0.0
0.0
0.0
0.0
0.0
0.0
0.0
0.0
0.0
0.0
0.0
0.0
0.0
0.0
0.0
0.0
0.0
0.0
0.0
0.0
0.008011065799007898
0.0
0.0
0.0
0.0
0.0
0.0
0.0
0.0
0.0
0.0
0.0
0.0
0.0
0.0
0.0
0.0
0.0
0.0
0.0
0.0
0.0
0.003636910546896144
0.0
0.0
0.0
0.013443637405689155
0.0
0.0
0.0
0.015029557345928323
0.0
0.00040800466291043315
0.0
0.0
0.0
0.0
0.0
0.0
0.0021393381438168696
0.0
0.0
0.0
0.0
0.0
0.004412369553584253
0.0
0.0
0.0
0.0
0.0004425671415962678
0.00025356665180561755
0.0
0.0
0.0
0.0
0.0
0.0
0.0
0.0
0.0
0.0
0.0
0.0
0.0
0.006960331047190572
0.0
0.0006314168021630072
0.0
0.0
0.0
0.0
0.0
0.0
0.007100653669143099
0.0
0.0
0.0
0.0
0.00032624353868316246
0.007080750914810799
0.0
0.0
0.0
0.0
0.0
0.0
0.0
0.000547180346175321
0.0
0.0
0.0
0.0
0.0
0.0
0.0
0.0
0.0
0.0
0.0
0.0
0.0
0.0
0.0
0.0
0.0
0.0
0.0
0.00212816772788967
0.0
0.0
0.0
0.0
0.0032980329655128114
0.0
0.0
0.0
0.0
0.010200614540200959
0.0
0.0
0.0
0.0
0.0
0.0
0.0
0.0
0.0
0.0
0.0
0.0
0.0
0.006719395853688412
0.0022138619123074784
0.0
0.0
0.0
0.0
0.0
0.0
0.0
0.004991393167354815
0.0
0.0
0.0003700979783400808
0.0
0.0006761777381483134
0.0
0.0
0.0
0.0
0.0
0.0
0.0
0.0
0.0
0.0
0.0
0.007634034500993101
0.0
0.010028007198240083
0.0
0.0106555695752728
0.0
0.0
0.013511144764312272
0.0
0.0
0.0
0.0
0.009049851474831115
0.0
0.0
0.0
0.0
0.0
0.0
0.0
0.0
0.0
0.0
0.0
0.0
0.0
0.0
0.0
0.0
0.011332605949248897
0.0
0.0
0.0
0.0
0.0
0.0
0.0
0.0
0.0
0.0
0.005211581986360201
0.0
0.0
0.0
0.0032820378423680545
0.0
0.0
0.0
0.0
0.0
0.0
0.0
0.0
0.0
0.0
0.0
0.0
0.0
0.0
0.0
0.0
0.0
0.0
0.0
0.0
0.0
0.0
0.0
0.0
0.0
0.0
0.0
0.0
0.0
0.0
0.0
0.0
0.0
0.0
0.0
0.0
0.0
0.0
0.0
0.0
0.0
0.0
0.0
0.0
0.0
0.00037016299614283944
0.0
0.0
0.0
0.001359594909412966
0.0
0.0
0.0
0.0
0.008227023127809
0.0
0.0
0.0
0.0
0.0
0.0
0.0
0.0
0.0
0.014238617517382646
0.0004735987490979071
0.0
0.0
0.0
0.0
0.0
0.0
0.0
0.0
0.0
0.0
0.0
0.0
0.0
0.004221768873260245
0.0
0.0
0.0
0.0
0.0
0.0
0.0
0.0
0.0
0.0
0.0
0.0
0.0
0.0
0.0
0.0
0.0
0.0
0.0
0.0016333938294010894
0.0
0.0
0.0
0.0
0.010306681348280486
0.0
0.0
0.0
0.007197496388735612
0.0
0.0
0.0
0.0
0.0003417999388246197
0.0
0.0
0.0099087629431426
0.0
0.0
0.004216561280569033
0.0
0.0
0.0
0.0
0.0
0.0
0.0
0.0
0.0
0.0
0.0
0.0
0.01330816106342549
0.0
0.0021944719012972876
0.0
0.0
0.0
0.0
0.0
0.0
0.0
0.0
0.0
0.0
0.0
0.0
0.0
0.0
0.0
0.005142925419959639
0.0
0.0
0.0
0.0
0.0
0.0
0.0
0.0
0.0022411284573191134
0.0
0.0
0.002166123778501629
0.0
0.0020444310008738333
0.0
0.010617944915649928
0.0
0.0
0.0
0.0
0.01021391471854039
0.003902017750089841
0.0
0.0
0.0
0.0
0.0
0.0
0.0012064857009631863
0.0
0.01973651665889054
0.0
0.0
0.0
0.0
0.0
0.0
0.0
0.0
0.0
0.01733105406612422
0.0
0.0
0.0
0.0
0.0
0.0
0.0
0.0
0.0
0.011644479633094815
0.0
0.0
0.0
0.0
0.0
0.0
0.0
0.0004881601785271511
0.0
0.0
0.0
0.0
0.0
0.0
0.0
0.0
0.0
0.0
0.0
0.0
0.010638041525530481
0.0
0.0
0.0
0.0
0.011091681304571832
0.0
0.0
0.0
0.0
0.0
0.0
0.0
0.0
0.0
0.0
0.0
0.0
0.005027440722149185
0.0
0.0
0.0
0.0
0.0
0.0
0.0
0.0
0.0
0.0
0.0
0.0
0.0
0.0
0.0
0.0
0.024605838171682735
0.0
0.006214321446932991
0.008233779235025577
0.0030439462764698267
0.0
0.008009668935430645
0.008807352895326663
0.0
0.0
0.006714000232558576
0.0
0.0
0.004504065868208942
0.0
0.0
0.0
0.0
0.0
0.0
0.0
0.0
0.0
0.0
0.0
0.0
0.0
0.0
0.0
0.0
0.008554844828459309
0.0
0.0
0.0
0.0
0.0
0.0
0.001521493703864525
0.004541244004689098
0.0
0.0
0.0
0.0
0.0
0.010764622842351553
0.0
0.0
0.0
0.0
0.0
0.0
0.0
0.0
0.0
0.0
0.0
0.0
0.0
0.0
0.0
0.0
0.0
0.0
0.0
0.0
0.0
0.0
0.0
0.0
0.0
0.0
0.0
0.0
0.0
0.0
0.0
0.0
0.0
0.0
0.0
0.0
0.0
0.0
0.0
0.0008825770028011754
0.0
0.0
0.0
0.0
0.0
0.0
0.0
0.001150439205286244
0.0
0.0
0.0
0.008249487963530512
0.0051814969935148536
0.0018089167296511236
0.0006241508152173914
0.0
0.0
0.0
0.0
0.0
0.0
0.0
0.0
0.0
0.0
0.012527823208872246
0.0
0.0
0.0
0.0
0.0
0.0
0.0017646412836632795
0.0
0.0
0.0
0.0
0.0
0.0
0.0
0.0
0.0
0.008746599492678387
0.0
0.0
0.0
0.0
0.0
0.0
0.0
0.0022025134755097263
0.0
0.0
0.00307630867535021
0.0
0.0
0.0
0.0
0.0
0.0
0.004824456563155397
0.0
0.0
0.0
0.0
0.0
0.0
0.010383510362164812
0.004450576343335628
0.0
0.0
0.0
0.0
0.0
0.0
0.0003170529176417301
0.000400025177568112
0.0
0.0
0.0
0.0
0.0
0.0
0.0
0.0
0.0
0.0
0.0
0.007251192939092052
0.0
0.0
0.0
0.0015473684210526313
0.0
0.0
0.0
0.00033177451971688575
0.0
0.001268233467758409
0.0
0.0
0.0
0.0
0.0
0.0
0.0
0.0
0.0
0.0
0.0
0.0
0.0
0.0
0.0
0.0
0.0
0.0
0.0
0.0003284534534534534
0.0
0.0
0.0
0.0
0.0
0.0
0.0
0.0
0.002276148801438126
0.0004944459003028188
0.004623278786189931
0.0
0.0
0.0
0.00047358834244080157
0.0
0.0
0.0
0.0
0.0
0.01387201446403057
0.0008818589025755881
0.0
0.0
0.0
0.0
0.0
0.0
0.0
0.0
0.0
0.0
0.0
0.0
0.0
0.0
0.0
0.0
0.0
0.0
0.0
0.0
0.011892167783167183
0.0
0.0
0.0
0.01313033314142607
0.00952097962331082
0.0
0.0
0.0
0.0
0.0
0.0
0.0
0.0
0.00681827534957254
0.0
0.0
0.0
0.0
0.0
0.0
0.0
0.0
0.010514000883763275
0.0
0.0
0.0011256281407035175
0.0
0.0
0.0
0.0
0.0
0.00854950385112401
0.0
0.0
0.0
0.0
0.0012920779895539939
0.0
0.0
0.0
0.0
0.0
0.001936192247610933
0.0
0.0
0.0
0.0
0.0
0.0
0.0
0.0
0.0013884670444720057
0.0
0.0
0.0
0.0
0.0
0.0
0.0
0.0
0.0
0.0
0.0
0.0
0.0
0.014112094354239562
0.0
0.0
0.0
0.0
0.0
0.0
0.0
0.0
0.0
0.0
0.0
0.0
0.0
0.0
0.0
0.0
0.0
0.0
0.0
0.0
0.0
0.0
0.0
0.0
0.0
0.015212431350217145
0.0
0.0
0.0
0.0
0.003050448492952253
0.0
0.0
0.0
0.0
0.003452156662569965
0.0
0.0
0.0
0.0
0.0
0.0
0.0
0.00224989783408255
0.0
0.0
0.0
0.0
0.0
0.0
0.0
0.0
0.015209287032130335
0.004759352561192766
0.0
0.0
0.0
0.0
0.0
0.0
0.0014173537246663836
0.0
0.0
0.0
0.0
0.0
0.0
0.0
0.0
0.0
0.006719890650586185
0.0
0.0
0.0
0.002482514629859005
0.0026351107357837655
0.0
0.0
0.0
0.0
0.0
0.0
0.0
0.0
0.004147000277135629
0.0
0.0
0.006307557448890548
0.0
0.0
0.0
0.0
0.0
0.0
0.0
0.0
0.0
0.0
0.0
0.0
0.0
0.0
0.0
0.0
0.0
0.00041275359470299553
0.0
0.0
0.004857194530414005
0.0
0.011848820826365564
0.0
0.014519125866151873
0.0
0.0
0.01632859716480182
0.0
0.0
0.0
0.0005715841045182363
0.0
0.0
0.0
0.0
0.0
0.0
0.0
0.0
0.0
0.0
0.0
0.0
0.0017604790419161675
0.0
0.0
0.0
0.0
0.0
0.0
0.0
0.0
0.004194316334526988
0.0
0.0
0.0
0.0
0.0
0.0
0.0
0.0
0.0
0.0
0.0
0.0
0.0
0.0
0.0014831353919239907
0.0
0.0
0.011870658216029775
0.0
0.0
0.0
0.0
0.0
0.0
0.0012001605966290014
0.0
0.0
0.0
0.0
0.0
0.007198395084100232
0.0
0.0
0.0
0.0
0.0
0.007734782087205734
0.0
0.0
0.0
0.0
