0.0
0.0
0.0
0.0
0.0
0.0
0.0
0.0
0.004184333959038349
0.0
0.0
2.0437352003410775e-05
0.0
0.0
0.0
0.0
0.0
2.400673670698567e-07
0.0
0.0
0.0
0.0
0.0
0.011858567996554626
0.0
0.0
0.0
0.0
0.0
0.0
4.877220213925278e-06
0.01559219475762469
0.014752553503736736
0.0
0.0
0.0
0.0
0.0
0.017699162408922067
0.0
0.024496258454811473
0.0
0.0
0.0
0.0
0.0
0.0
0.0
0.0
0.0
0.0
1.2203390159097609e-05
0.0
0.0
6.513022293496485e-06
0.0
0.0
0.0
0.0
0.0
0.0
0.0
0.0
0.003837094246099105
0.01742640172202027
0.0
0.0
0.0
0.0
0.004844384707450397
0.006757564065999666
0.0
0.0
0.0
0.0
0.0
0.0
0.0
0.0
0.0
0.0
0.0
0.0
0.0
0.0
0.0
0.0
0.0
0.0
0.0
0.0034691264803933565
0.0
0.0
0.0
0.0
0.0
0.0
8.754383603587844e-05
0.0
0.0
0.0
0.0
0.0
0.0
0.0
0.013100109138405494
0.0
0.0
0.0
0.0
0.0
0.0
0.0
2.091225711828759e-06
0.0
2.858342352691742e-06
0.0
0.0
0.0
0.0
0.0
0.0071776183722537645
0.0
0.0
0.0
0.0
0.003989607115284263
0.0
0.0
0.0
0.0
0.0
0.0
0.0
0.0
0.0
0.0
0.0
0.0
0.0
0.001461357634496163
0.0
0.0
0.00411698970647951
0.0
0.0
0.012387683303685684
0.0
7.512961141138683e-06
0.0
0.008154321188277677
0.000498438263760527
2.8206970972714634e-06
0.0
0.0
0.0
0.0
0.0049380062244782415
0.0
0.0
0.0
0.0
1.2314043995725013e-06
0.0
0.0
0.0
0.0
0.0
0.0
0.0
0.0
0.0
0.0
0.0
2.9664351919511663e-06
0.0
0.0
0.0
0.0
0.0
0.0
0.003752115816686486
0.0
0.0
0.0
0.0
0.0
0.006731211571306004
0.0
0.0
0.0
0.0
0.0
0.0
0.0
0.0
0.0
0.0
0.0
0.0
0.0
0.0
0.0
0.0039338367336818605
0.0
0.0
0.0
0.0
0.0
0.007978609997266236
0.01544901439452736
0.0
0.013489021962189844
0.0
0.0
0.0
5.7035476260068486e-06
0.012663573861796545
0.0
0.0
0.0
0.0
0.0
0.0
0.0
0.0
0.0
0.0
0.0
0.0
0.0
0.0
0.0
0.0
0.0
0.0
0.0
0.0
0.0
0.0
0.0112586819695148
0.0
0.0
0.0
0.0
0.0
0.0
0.009318471202699186
0.0
0.0017157690413714252
0.0
1.2791029745225505e-05
2.750627547246803e-06
0.0
0.0
0.0
0.0
0.0001152286909306069
0.0
0.0
0.0
0.0
0.0
0.0
0.0
0.0
1.6242726566655698e-05
0.0
0.0
8.062005959811688e-05
0.0
0.0
0.010922099597628814
0.0
0.0
0.0
0.0
0.0
9.318249149362635e-06
0.0
0.0
0.0
0.0
0.0
1.0483754011201625e-05
0.0
0.0
0.0
0.0
0.0
0.0
0.0
0.0
0.0
0.001957875376033618
1.1909582230528034e-05
0.0
0.0
0.0
0.0
0.0
0.0
0.0
0.0
0.0
0.0
0.0
0.0
0.0
0.0
0.0
0.0
0.0
0.0
0.0
0.0
0.001524378846113793
0.0
0.0
0.0
0.013899721343867143
0.0
1.6240127085401983e-05
0.0
0.01150555402613468
0.0
0.0
0.0
0.0
0.0
8.501768306743068e-06
0.0
0.0
0.00046953708439148063
0.0
0.0
0.0
0.0
0.0
0.0014335379618712807
1.1255148093294238e-05
0.0
0.0
0.0
7.635371216196251e-06
0.0
0.0
0.0
0.0
0.0
0.0
0.0
0.0
0.0
0.0
0.0
0.0
0.0
0.0
0.00723639477089216
0.0
0.0
0.0
0.0
1.0758143169796893e-05
0.0
0.0
0.0
0.006285641707480546
0.0
0.0
0.0
0.0
0.0
0.003161172746319028
0.0
0.0
0.0
0.0
0.0
0.0
0.0
0.00013353416968099065
0.0
0.005311168676388311
0.0
0.0
0.0
0.0
0.0
0.0
0.0
0.0
0.0
0.0
0.0
0.0
0.0
0.0
0.0
0.0
0.0
0.001189381095142814
0.0
0.0
0.0
0.0
0.004577990777121389
0.0
0.0
0.0
0.0
0.0009644884141438463
0.0
0.0
0.0
0.0
0.0
0.0
0.0
0.0
0.0
0.0
0.0
0.0
0.0
0.004465934299689189
3.236816484773855e-05
0.0
2.77117492358576e-06
0.0
0.0
0.0
0.0
0.0
0.00313595620988773
0.0
0.0
0.0
0.0
2.5154807104908234e-06
0.0
0.0
0.0
1.0729778647253025e-05
0.0
0.0
0.00983263155469601
0.0
0.0
0.0
0.0
0.013704756145604352
0.0
0.02041430501411875
0.0
0.0
0.0
0.0
0.017169086150064978
0.0
0.0
0.0
0.0
0.013429703416796637
0.0001658339692753302
1.8487346847657693e-06
0.0
0.0
0.0
0.0
0.0
0.0
0.0
0.0
0.0
0.0
0.0
0.0
0.0
0.0
0.006135216763952498
0.0
0.0
0.0
0.0
0.0
0.0
0.0
0.0
0.0
0.0
0.0007330268417049163
0.0
0.0
0.0
0.013614100017264503
0.0
0.0
0.0
0.0
0.0
0.0
0.0
0.0
0.0
0.0
0.0
0.0
0.0
0.0
0.0
0.0
0.0
0.0
0.0
0.0
0.0
0.0
0.0
0.0
0.0
0.0
0.0
0.0
0.0
0.0
0.0
0.0
0.0
0.0
0.0
0.0
0.0
0.0
0.0
0.0
0.0
0.0
0.0
0.0
0.0
0.0
0.0
0.0
0.0002901151065273938
0.0
0.0
0.0
0.0
0.0
0.00920570315609006
0.0
0.0
0.0
0.0
0.0
0.0
0.0
0.0
0.0
0.023006300336710493
0.0
0.0030346416106330925
0.0
0.0
0.0
0.0
0.0
0.0
0.0
0.0
0.0
0.0
0.0
0.0
0.009705239384386489
0.0
0.0
0.0
0.0
0.0
0.0
0.0
0.0
0.0
0.0
0.0
0.0
0.0
0.0
0.0
0.0
0.0
0.0
0.0
0.009677124663331876
0.0
0.0
0.0
0.0
0.00873673646707153
0.0
2.213783690494253e-06
0.0
0.0036142893694384114
0.0
0.0
0.00011254809582850439
0.0
0.0
0.0
0.0
0.007094707376986612
0.0
0.0
0.003076214096884921
0.0
0.0
0.0
0.0
0.0
0.0
0.0
0.0
0.0
0.0
0.0
0.0
0.006721194143526694
0.0
0.0004026318533410532
0.0
0.0
2.767213494362594e-06
0.0
0.0
0.0
0.0
0.0
0.0
0.0
0.0
0.0
0.0
0.0
0.0
0.0006277619311870138
0.0029987465374981996
0.0
0.0
0.0
0.0
0.0
0.0
0.0
0.001534277979445001
0.0
0.0
0.0
0.0
0.0038756855523548687
0.0
0.0037746767632152694
0.0
0.0
0.0
0.0
0.021316900946508923
0.0
0.0
0.0
0.0
0.0
0.0
4.686772176253983e-06
0.0037938393949427263
0.0
0.01628769951892743
0.0
0.0
0.0
0.0
0.0
0.0
0.0
0.0
0.0
0.015814593513021176
0.0
3.786686744581874e-05
0.0
0.0
0.0
0.0
0.0
0.0
0.0
0.012151328896550868
0.0
0.0
0.0
0.0
0.0
0.0
0.0
0.0
0.0
0.0
2.3127538006750347e-06
0.0
0.0
0.0
0.0
0.0
0.0
0.0
0.0
0.00020917475348781924
0.013404591104425007
0.0
9.224601195305541e-07
0.0
0.0
0.011602727940947528
0.0
0.0030387476386603287
0.0
0.0
0.0
0.0
0.0
0.0
0.0
0.0
0.0
0.0
0.00568203887030274
1.6792403089009045e-05
0.0
0.0
0.0
0.0
0.0
0.0
0.0
0.0
0.0
1.4311674482244462e-05
0.0
0.0
0.0
0.0
0.0
0.010933842360733737
0.0
0.007598473605332331
0.012808613386386686
0.003928444852046411
0.0
0.022322254292024876
0.0019918678485601415
0.0
0.0
0.0003161758924207373
0.0
0.0
0.004231528055072274
0.0
0.0
0.0
0.0
0.0
0.0
0.0
0.0
0.0
0.0
0.0
0.0
0.0
0.0
0.0
0.0
0.001818423075557415
0.0
0.0
0.0
0.0
0.0
0.0
0.0012180206085623264
0.0041513096553263806
0.0
0.0
0.0
0.0
0.0
0.008605607862179128
0.0
0.0
0.0
0.0
0.0
0.0
0.0
2.9072795264462497e-06
0.0
0.0
0.0
0.0
0.0
0.0
0.0
0.0
0.0
0.0
0.0
0.0
0.0
0.0
0.0
0.0
0.0
0.0
0.0
0.0
0.0
0.0
0.0
0.0
0.0
0.0
0.0
0.0
0.0
0.0
0.0
0.0
0.0
0.0
0.0
0.0
0.0
0.0
0.00041910580455726203
0.0
0.0
0.0
0.0
0.010315469458829276
0.0001095930364946792
2.9736184299024e-06
0.0
0.0
0.0
0.0
0.0
0.0
0.0
0.0
0.0
0.0
0.0
0.009531921767878971
0.0
0.0018685001969042112
0.0
0.0
0.0
0.0
0.0007196223272218238
0.0
0.0
0.0
0.0
0.0
0.0
0.0
0.0
0.0
0.013187690414870794
0.0
0.0
0.0
0.0
0.0
0.0
0.0
0.005967774104163629
0.0
0.0
0.0013741032143331994
0.0
0.0
0.0
0.0
0.0
0.0
0.005249519044697521
0.0
0.0
8.403338782940057e-05
0.0
0.0
0.0
0.00019358799575634405
0.0016935822160500558
0.0
0.0
0.0
0.0
0.0
0.00023177776418757296
0.0
0.0
0.0
0.0
0.0
0.0
0.0
0.0
0.0
0.0
0.0
0.0
0.00011939426811714348
0.0012244223932157793
0.0
0.0
0.0
0.0015995113983244963
0.0
0.0
0.0
0.0
0.0
0.0
0.0
0.0
0.0
0.0
0.0
0.0
0.0
0.0
0.0
0.0
0.0
0.0
0.0
0.0
0.0
0.0
0.0
0.0
0.0
0.0
0.0
0.0
0.0
0.0
0.0
0.0
0.0
0.0
0.0
0.0
0.00022503426548230317
0.0
0.0
0.0
0.0
0.0
0.0
0.0
0.0
0.0
0.016521521476864517
0.00534912752287302
0.0
0.0
0.0
0.0
0.0
0.0
0.0
0.0
2.6622981074651942e-06
8.521360738121324e-06
0.0
0.0
0.0
0.0
0.0
0.0
0.0
0.0
0.0
0.0
0.007026831541229126
0.0
0.0
0.0
0.020241906689646386
0.007848450534795244
0.0
0.0
0.0
0.0
0.0
0.0
2.9135391955928702e-06
0.0
0.005716730947931507
0.0
0.0
0.0
0.0
0.0
0.0
0.0
0.0
0.0003930176327999002
0.0
0.0
0.006612750108002519
0.0
0.0
0.0
0.0
0.0
0.009024140867839802
0.0
0.0
0.0
0.0
0.0
0.0
0.0
0.0
0.0
0.0
0.0018020537173775442
0.0
0.0
0.0
0.0
0.0
0.0
0.0
0.0
0.0
0.0
0.0
0.0
0.0
0.0
0.0
1.9405329766381836e-05
0.0
0.0
0.0
0.0
0.0
0.0
0.013346939469269736
0.0
0.0
0.0
0.0
0.0
0.0
0.0
0.0
1.719816426346232e-05
0.0
0.0
0.0
0.0
0.0
0.0
0.0
0.0
0.0
0.0008567190226428305
0.0
0.0
0.0
0.0
0.0
0.0
0.0002175742881576971
0.0
0.0
0.0
0.0
0.008929942619713922
0.0
0.0
0.0
0.0
0.00012846943008034653
0.0
6.454015348750798e-05
0.0
2.7912152033823014e-06
0.0
0.0
0.0
0.0
0.0
0.003993939300853907
0.0
0.0
0.0
0.0
0.0
0.0
0.013060837072162464
0.016434449615382686
0.0
0.0
0.0
0.0
0.0
0.0
0.0
0.0
0.0
0.0
0.0
0.0
0.0
0.0
0.0
0.0
0.008813452991089217
0.0
0.0
0.0
0.0
0.0020745976921683366
0.0
0.0
0.0
0.0
0.0
0.0
0.0
0.0
8.840167451149878e-05
0.0
0.0
0.014092547576808863
0.0
0.0
0.0
0.0
0.0
0.0
0.0
0.0
0.0
0.0
0.0
0.0
0.0
0.0
0.0
0.0
2.6806652929103642e-06
0.0
0.0
0.0
0.0024763576904315056
0.0
0.008686592401284863
0.0
0.0056913766388253925
0.0
0.0
0.014514244915722825
0.0
0.0
0.0
0.0
0.0
0.0
0.0
0.0
0.0
0.0
0.0
0.0
0.0
0.0
0.0
0.0
0.0028206265842204985
0.0
0.0
0.0
0.0
0.0
0.0
0.0
0.0
0.004805027433933925
0.0
0.0
0.0
0.0
0.0
0.0
0.0
0.0
0.0
0.0
0.0
0.0
0.0
1.3217948215023924e-05
0.0
0.0
0.0
0.00549748323994919
0.0
0.0
0.0
0.0
0.0
0.0
0.0
0.0
0.0
0.0
0.0
0.0
0.015364846861199424
0.0
0.0
0.0
0.0
0.0
0.0015918404962236435
0.0
0.0
0.0
0.0
