0.0
0.0
0.0
0.0
0.0
0.0
0.0
0.0
0.012163366155566955
0.0
0.0
0.0
0.0
0.0
0.0
0.0
0.0
0.0
0.0
0.0
0.0
0.0
0.0
0.00641970682909071
0.0
0.0
0.0
0.0
0.0
0.0
0.0
0.012665829384101617
0.014234590836692554
0.0
0.0
0.0
0.0
0.0
0.02328149590301703
0.0
0.020913516640033682
0.0
0.0
0.0
0.0
0.0
0.0
0.0
0.0
0.0
0.0
0.0
0.0
0.0
0.0
0.0
0.0
0.0
0.0
0.0
0.0
0.0
0.0
0.00938025723641981
0.015982560157437282
0.0
0.0
0.0
0.0
0.0032218960570836635
0.008838495100992584
5.0489440928522464e-05
0.0
0.0
0.0
0.00012571742198219497
0.0
0.0
0.0
0.0
0.0
0.0
0.0
0.0
0.0
0.0
4.5252226636824325e-05
0.0
0.0
0.0
0.009417672611280802
0.0
0.0
0.0
0.0
0.0
0.0
0.0
0.0
0.0
0.0
0.0
0.0
0.0
0.0
0.01630813637889277
0.0
0.0
0.0
0.0
0.0
0.0
0.0
0.0
0.0
0.0
0.0
0.0
0.0
0.0
0.0
0.0019115507312231696
0.0
0.0
0.0
0.0
0.0003365418929188665
0.0
0.0
0.0
0.0
0.0
0.0
0.0
0.0
0.0
0.0
0.0
0.0
0.0
0.0
0.0
0.0
0.005535022294369336
0.0
0.0
0.009091279303223065
0.0
0.0
0.0
0.010267865228463043
0.0002291473127553204
0.0
0.0
0.0
0.0
0.0
0.0017398259588291703
0.0
0.0
0.0
0.0
0.0
0.0
0.0
0.0
0.0
0.0
0.0
0.0
0.0
0.0
0.0
0.0
0.0
0.0
0.0
7.661091717715451e-05
0.0
0.0
0.0
0.005503750811677208
0.0
0.0
0.0
0.0
0.0
0.01691574900799597
0.0
0.0
0.0
0.0
0.0
0.0
0.0
0.0
0.0
0.0
0.0
0.0
0.0
0.0
0.0
0.0
0.0
0.0
0.0
0.0
0.0
0.015068710555775366
0.01436861984048422
0.0
0.014075511990510482
0.0
0.0
0.0
0.0
0.009060398815040309
0.0
0.0
0.0
0.0
0.0
0.0
0.0
0.0
0.0
0.0
0.0
0.0
0.0
0.0
0.0
0.0
0.0
0.0
0.0
0.0
0.0
0.0
0.02095354330406815
0.0
0.0
0.0
0.0
0.0
0.0
0.006238564224874834
0.0
0.004314106644199363
0.0
0.0
0.0
0.0
0.0
0.0
0.0
0.0
0.0
0.0
0.0
0.0
0.0
0.0
0.0
0.0
0.0
0.0
0.0
0.0
0.0
0.0
0.0066855071579528455
0.0
0.0
0.0
0.0
0.0
0.0
0.0
0.0
0.0
0.0
0.0
0.0
0.0
0.0
0.0
0.0
0.0
0.0
0.0
0.0
0.0
0.0
0.0
0.0
0.0
0.0
0.0
0.0
0.0
0.0
0.0
0.0
0.0
0.0
0.0
0.0
0.0
0.0
0.0
0.0
0.0
0.0
0.0
0.0016956096274907304
0.0
0.0
0.0
0.008298560135630777
0.0
0.0
0.0
0.014947036810637106
0.0
0.0
0.0
0.0
0.0
0.0
0.0
0.0
0.0
0.0
0.0
0.0
0.0
0.0
0.002148042748147478
0.0
0.0
0.0
0.0
0.0
0.0
0.0
0.0
0.0
0.0
0.0
0.0
0.0
0.0
0.0
0.0
0.0
0.0
0.0
0.005625642446497061
0.0
0.0
0.0
0.0
0.0
0.0
0.0
0.0
0.004622645167643007
0.0
0.0
0.0
0.0
0.0
0.005534006846725547
0.0
0.0001388908696916464
0.0
0.0
0.0
0.0
0.0
0.0
0.0
0.0034728986724289358
0.0
0.0
0.0
0.0
0.0001598635169216182
0.0
0.0
0.0
0.0
0.0
0.0
0.0
0.0
0.0
0.0
0.0
0.0
0.0018738477628768625
0.0
0.0
0.0
0.0
0.0016622849981215544
0.0
0.0
0.0
0.0
0.006494104396104285
0.0
0.0
9.101564967233288e-05
0.0
0.0
0.0
0.0
0.0
0.0
0.0
0.0
0.0
0.0
0.005047979542892695
0.0012359782944087597
0.0
0.0
0.0
0.0
0.0
0.0
0.0
0.0
0.0
0.0
0.0
0.0
0.0
0.0
0.0
0.0
0.0
0.0
0.0
0.010200174071506349
0.0
0.0
0.0
0.0
0.009672106012176829
0.0
0.017988520547405382
0.0
0.0014885169971378736
0.0
0.0
0.009308816076145114
0.0
0.0
0.0
0.0
0.01472589137750075
0.0
0.0
0.0
0.0
0.0
0.0
0.0
0.0
0.0
0.0
0.0
0.0
0.0
0.0
0.0
0.0
0.010600942453624753
0.0
0.0
0.0
0.0
0.0
0.0
0.0
0.0
0.0
0.0
0.0005848476118037409
0.0
0.0
0.0
0.01479543274830631
0.0
0.0
0.0
0.0
0.00015763490283241102
0.0
0.0
0.0
0.0
0.0
0.0
0.0
0.0
0.0
0.0
0.0
0.0
0.0
0.0
0.0
0.0
0.0
0.0
0.0
0.0
0.0
0.0
0.0
0.0
0.0
0.0
0.0
0.0
0.0
0.0
0.0
0.0
0.0
0.0
0.0
0.0
0.0
0.0
0.0
0.0
9.982843403548084e-05
0.0
0.0
0.0003225805134836219
0.0
9.673355828830642e-05
0.0
0.0
0.0
0.007953346241175191
0.0
0.0
0.0
0.0
0.0
5.2476580659679055e-05
0.0
0.0
0.0
0.01783261482808166
0.0
0.0036114318421275903
0.0
0.0
0.0
0.0
0.0
0.0
0.0
0.0
0.0
0.0
0.0
0.0
0.018544649119852496
0.0
0.0
0.0
0.0
0.0
0.0
0.0
0.0
0.0
0.0
0.0
0.0
0.0
0.0
0.0
0.0
0.0
0.0
0.0
0.006707754755822934
0.0
0.0
0.0
0.0
0.014248451273862858
0.0
0.0
0.0
0.0018120687632246484
0.0
0.0
0.0
0.0
0.0
0.0
0.0
0.01434640342412369
0.0
0.0
0.0025439902832228973
0.0
0.0
0.0001599763910149914
0.0
0.0
0.0
0.0
0.0
0.0
0.0
0.0
0.0
0.014581845506982518
0.0
0.0005602148171675254
0.0
0.0
0.0
0.0
4.0805950334919895e-05
0.0
0.0
0.0
0.0
0.0
0.0
0.0
0.0
0.0
0.0
0.0011910241983509712
0.00236042421380337
0.0
0.0
0.0
0.0
0.0
0.0
0.0
0.0016997093295478593
0.0
0.0
0.0
0.0
0.0
0.0
0.012600145179971095
0.0
6.307294487089009e-05
0.0
0.0
0.014068508802225545
0.0
0.0
0.0
0.0
0.0
0.0
0.0
0.0
0.0
0.01517401300283785
0.0
0.0
0.0
0.0
0.0
0.0
0.0
0.0
0.0
0.01383899611882421
0.0
0.0
0.0
0.0
0.0
0.0
0.0
0.0
0.0
0.006544500270799494
0.0
0.0
0.0
0.0
0.0
0.0
0.0
0.0
0.0
0.0
0.0
0.0
0.0
0.0
0.0
0.0
0.0
0.0
0.0
0.0
0.009957833301374048
0.0
0.0
0.0
0.0
0.006292875984873558
0.0
0.004084003607242871
0.0
0.0
0.0
0.0
0.0
0.0
0.0
0.0
0.0
0.0
0.002657218381024079
0.0
0.0
0.0
0.0
0.0
0.0
0.0
0.0
0.0
0.0
0.0
0.0
0.0
0.0
0.0
0.0
0.014026982783107479
0.0
0.007537899417365664
0.007578755294083097
0.0035597359172985497
0.0
0.0051744873970785
0.0006838841001813282
0.0
0.0
0.0012580787899907826
0.0
0.0
0.0038078751749176837
0.0
0.0
0.0
3.60602920340417e-05
0.0
0.0
0.0
0.0
0.0
0.0
0.0
0.0
0.00015702833068467336
0.0
0.0
0.0
0.0028908538250499837
0.0
0.0
0.0
0.0
0.0
0.0
0.0016831445250923877
0.0068550159904015055
0.0
0.0
0.0
0.0
0.0
0.002576429657169941
0.0
0.0
0.0
0.0
0.0
0.0
0.0
0.0
0.0
0.0
0.0
0.0
0.0
0.0
0.0
0.0
0.0
0.0
0.0
0.0
0.0
0.0
0.0
0.0
0.0
0.0
0.0
0.0
0.0
0.0
0.0
0.0
0.0
0.0
0.0
0.0
0.0
0.0
0.0
0.0
0.0
0.00023282023657339492
0.0
0.0
0.0
0.0
0.0
0.0
0.0
0.0
0.0
0.006624810102651209
0.0
0.0
0.0
0.0
0.0
0.0
0.0
0.0
0.0
0.0
0.0
0.0
0.0
0.011388039513840218
0.0
0.0
0.0
0.0
0.0
0.0
0.0047648135176798275
0.0
0.0
0.0
0.0
0.0
0.0
0.0
0.0
0.0
0.013835721204602778
0.0
0.0
0.0
0.00024133783656707773
0.0
0.0
0.0
0.009893139889421466
0.0
0.0
0.005854402805639461
0.0
0.0
0.0
0.0005993623561661858
0.0
0.0
0.0003230653665149683
0.0
0.0
0.00023076783464347618
0.0
0.0
0.0
0.0005443381974753897
0.00866413726233326
0.0
0.0
0.0
0.0
3.9491566765118505e-05
0.005690210093459972
0.0
0.0
0.0
0.0
0.0
0.0
0.0
0.0
0.0
0.0
0.0
0.0
8.03063331490312e-05
0.0031081224831423647
0.0
0.0
0.0
0.0019435826872675067
0.0
0.0
0.0
0.0
0.0
0.0
0.0
0.0
0.0
0.0
0.0
0.0
0.0
0.0
0.0
0.0
0.0
0.0
0.0
9.575885284376467e-06
0.0
0.0
0.0
0.0
0.0
0.0
0.0
0.0
0.0
0.0
0.0
0.0
0.0
0.0
0.0
0.0
0.0013715732108281803
0.0
0.0
0.0
0.0
0.0
0.0
0.0
0.0
0.0
0.018923159771790772
0.0017614554198774179
0.0
0.0
0.0
0.0
0.0
0.0
0.0
0.0
0.0
0.0005690848757996721
0.0
0.0
0.0
0.0
0.0
0.0
0.0
0.0
0.0
0.0
0.014337441237500931
0.0
0.0
0.0
0.013519102894088775
0.00941735960860592
0.0
0.0
0.0
0.0
0.0
0.0
0.0
0.0
0.011204569495257563
0.0
0.0
0.0
0.0
0.0
0.0
0.0
0.0
0.0030451283631075733
0.0
0.0
0.010608367891389333
0.0
0.0
0.0
0.0
0.0
0.006700829610159481
0.0
0.0
0.0
0.0
0.0
0.0
0.0
0.0
0.0
0.0
0.0050999206142098965
0.0
0.0
0.0
0.0001149477113053869
0.0
0.0
0.0
0.0
0.0
0.0
0.0
0.0
0.0
0.00013587038407957306
0.0
0.0
0.0
0.0
0.0
0.0
0.0
0.0
0.009140932174400727
0.0
0.0
0.0
0.0
0.0
0.0001633686583502713
0.0
4.055108056196125e-05
0.0
0.0
0.0
0.0
0.0
0.0
0.0
0.0
0.0
0.0
0.000862348555887219
0.0
7.894657290678531e-05
8.705167412473092e-05
0.0
0.0
0.0
0.0005040106057770599
0.0
0.0
0.0
0.0
0.012081727262245576
0.0
0.0
0.0
0.0
0.0006490517837972908
0.0
0.0
0.0
0.0
0.0
0.0
0.0
0.0
0.0
0.006098562198207886
0.0
0.0
0.0
0.0
0.0
0.0
0.006795566340062398
0.012112237519331482
0.0
0.0
0.0
0.0
0.0
0.0
0.0
0.0
0.0
0.0
0.0
0.0
0.0
0.0
0.0
0.0
0.012384662805323103
0.0
0.0
0.0
0.0001081649221057403
0.004108147674971398
0.0
0.0
0.0
0.0
0.0
0.0
0.0
0.0
0.003892976837411775
0.0
0.0
0.011704467841159066
0.0
0.0
0.0
0.0
0.0
0.0
0.0
0.0
0.0
0.0
0.0
0.0
0.0
0.0
0.0
0.0
0.0
0.0
0.0
5.6286780282630645e-05
0.0014092432713977284
0.0
0.008624944510518111
0.0
0.0012160131478027396
0.0
0.0
0.01009785147680442
0.0
0.0
0.0
3.594615356595662e-05
0.0
0.0
0.0
0.0
0.0
0.0
0.0
0.0
0.0
0.0
0.0
0.0
0.0022433755788479064
0.0
0.0
0.0
0.0
0.0
0.0
0.0
0.0
0.010279962920768835
0.0
0.0
0.0
0.0
0.0
0.0
0.0
0.0
0.0
0.0
0.0
0.0
0.0
0.0
0.0
0.0
0.0
0.005068323844339748
0.0
0.0
0.0
0.0
0.0
0.00021030129610893428
0.0
0.0
0.0
0.0
0.0
0.0
0.00847739860431068
0.0
0.0
0.0
0.0
0.0
0.0007244138777630392
0.0
0.0
0.0
0.0
