0.0
0.0
0.0
0.0
0.0
0.0
0.0
0.0
0.0
0.0
0.0
0.0
0.0
0.0
0.0
0.0
0.0
0.00013778705017889118
0.0
0.0
0.0
0.0
0.0
0.010473396416993781
0.0
0.0
0.0
0.0006202243935605428
0.0
0.0
0.0
0.016844227816093228
0.01272866697976188
0.0
0.0
0.000702817152120798
0.0
0.0
0.006343745160830646
0.0
0.01663511437076679
0.0
0.0
0.0
0.0
0.0
0.0
0.0
0.0
0.0
0.0
0.0
0.0
0.0
0.0
0.0
0.0
0.0
0.0
0.0
0.0
0.0
0.0
0.0030096611759877732
0.01295042349451988
0.0
0.0004538161495350959
0.0
0.0
0.002866399654618343
0.016389672508243643
0.0
0.0
0.0
0.0
0.0
0.0
0.0
0.0
0.0
0.0
0.0
0.0
0.0
0.0
0.0
0.0
0.0
0.0
0.0
0.0024482950515871274
0.0
0.0
0.0
0.0
0.0
0.0
0.0
0.0
0.0
0.0
0.0
0.0
0.0
0.0
0.008631473753826424
0.0
0.0
0.0
0.0
0.0
0.0
0.0
0.0
0.0
0.0
0.0
0.0
0.0
0.0
0.0
0.002588860940502799
0.0
0.0
0.0
0.0
0.0022151267733385134
0.0
0.0
0.0
0.0
0.0
0.0
0.0
0.0
0.0
0.0
0.0
0.0
0.0
0.0
0.0
0.0
0.003949649255291628
0.0
0.0
0.01197805327877516
0.0
0.0
0.0
0.007876879868092799
0.0020486658399310777
0.0
0.0
0.0
0.0
0.0
0.007256886133305808
0.0
0.0
0.0
0.0
0.0
0.0
0.0
0.0
0.0
0.0
0.0
0.0
0.0
0.0
0.0
0.0
0.0
0.0
0.0
0.0
0.0
0.0
0.0
0.005437981610179597
0.0
0.0
0.0
0.0
0.0
0.016881785622036773
0.0
0.0
0.0
0.0
0.0
0.0
0.0
0.0
0.0
0.0
0.0
0.0
0.0
0.0
0.0
0.0036706486632215518
0.0
0.0
0.0
0.0
0.0
0.01426809158219637
0.019046545597863104
0.0
0.013148566929991294
0.0
0.0
0.0
0.0
0.002927678668431821
0.0
0.0
0.0
0.0
0.0
0.0
0.0
0.0
0.0
0.0
0.0
0.0
0.0
0.000621976600898548
0.0
0.0
0.0
0.0
0.0
0.0
0.0
0.0
0.012476319110849503
0.0
0.0
0.0
0.0
0.0
0.0
0.008126941419607972
0.0
0.005921578022245178
0.0
0.0
0.0
0.0
0.0
0.0
0.0
0.0
0.00024398834559992994
0.0
0.0
0.0
0.0
0.0
0.0
0.0
0.0
0.0
0.0
0.0
0.0
0.0
0.012245105742460197
0.0
0.0
0.0
0.0
0.0
0.0
0.0
0.0
0.0
0.0
0.0
0.0
0.0
0.0
0.0
0.0
0.0
0.0
0.0
0.0
0.0
0.003025676281736418
0.0
0.0
0.0
0.0
0.0
0.0
0.0
0.0
0.0
0.0
0.0
0.0
0.0
0.0
0.0
0.0
0.0
0.0
0.0
0.0
0.0
0.0
0.0
0.0
0.0
0.012418817633171642
0.0
0.0
0.0
0.012043183668115388
0.0
0.0
0.0
0.0
0.0
0.0
0.0
0.0
0.0
0.0
0.0
0.0
0.0
0.0
0.0030276920595990265
0.0
0.0
0.0
0.0
0.0
0.00015407348327702548
0.0
0.0
0.0
0.0
0.0
0.0
0.0
0.0
0.0
0.0
0.0
0.0
0.0
0.005261520480154316
0.0
0.0
0.0
0.0
0.0
0.0
0.0
0.0
0.006660897336032311
0.0
0.0
0.0
0.0
0.0
0.0013342978481361055
0.0
0.0
0.0
0.0
0.0
0.0
0.0
0.0
0.0
0.0025141301015935385
0.0
0.0
0.0
0.0
0.0
0.0
0.0
0.0
0.0
0.0
0.0
0.0
0.0
0.0
0.0
0.0
0.0
0.004854781428277191
0.0
0.0
0.0
0.0
0.0016236964580681756
0.0
0.0
0.0
0.0
0.0010260338416929395
0.0
0.0
0.0
0.0
0.0
0.0
0.0
0.0
0.0
0.0
0.0
0.0
0.0
0.006962418188271453
0.0
0.0
0.0
0.0
0.0
0.0
0.0
0.0
0.0
0.0
0.0
0.0
0.0
0.0
0.0
0.0
0.0
0.0008959638889705996
0.0
0.0
0.006869128369660605
0.0
0.0
0.0
0.0
0.020779792547143537
0.0
0.014730938675808086
0.0
0.004248308384539747
0.0
0.0
0.011300306186959779
0.0
0.0
0.0
0.0
0.015212687252365176
0.0
0.0
0.0
0.0
0.0
0.0
0.0
0.0
0.0
0.0
0.0
0.00017045368704942683
0.0
0.0
0.0
0.0
0.013265532703405247
0.0
0.0
0.0
0.0
0.0
0.0
0.0
0.0
0.0
0.0
0.00306343171274581
0.0
0.0
0.0
0.011238436977033686
0.0
0.0
0.0
0.0
0.0
0.0
0.0
0.0
0.0
0.0
0.0
0.0
0.0
0.0
0.0
0.0
0.0
0.0
0.0
0.0
0.0
0.0
0.0
0.0
0.0
0.0
0.0
0.0
0.0
0.0
0.0
0.0
0.0
0.0
0.0
0.0
0.0
0.0
0.0
0.0
0.0
0.0
0.0
0.0
0.0
0.0
0.0
0.0
0.0
0.0
0.0
0.0
0.0
0.0
0.01537375675266489
0.0
0.0
0.0
0.0
0.0
0.0
0.0
0.0
0.0
0.016564850180235152
0.0
0.0
0.0
0.0
0.0
0.0
0.0
0.0
0.0
0.0
0.0
0.0
0.0
0.0
0.009590475052752108
0.0
0.0
0.0
0.0
0.0
0.0
0.0
0.0
0.0
0.0
0.0
0.0
0.0
0.0
0.0
0.0
0.0
0.0
0.0
0.010894493121502044
0.0
0.0
0.0
0.0
0.023142240390056856
0.0
0.0
0.0
0.004805523662513056
0.0
0.0
0.0
0.0
0.0
0.0
0.0
0.00865436870175818
0.0
0.0
0.0019629159179642085
0.0
0.0
0.0
0.0
0.0
0.0
0.0
0.0
0.0
0.0
0.0
0.0
0.011264930989813208
0.0
0.0018604613788086486
0.0
0.0
0.0
0.0
0.0
0.0
0.0
0.0
0.0
0.0
0.0
0.0
0.0
0.0
0.0
0.0018279623579171417
0.005943408011541496
0.0
0.0
0.0
0.0
0.0
0.0
0.0
0.0
0.0
0.0
0.0
0.0
0.0014323143656507673
0.0
0.005923256694345086
0.0
0.0
0.0
0.0
0.01793858022249598
0.00018417844182979073
0.0
0.0
0.0
0.0
0.0
0.0
0.0
0.0
0.011880075989507235
0.0
0.0
0.0
0.0
0.0
0.0
0.0
0.0
0.0
0.009345738013931333
0.0
0.0
0.0
0.0
0.0
0.0
0.0
0.0
0.0
0.024072608487260515
0.0
0.0
0.0
0.0
0.0
0.0
0.0
0.0
0.0
0.0
0.0
0.0
0.0
0.0
0.0
0.0
0.0
0.0
0.0
0.0025583394338138826
0.010237091785192333
0.0
0.0
0.0
0.0
0.017454174628201848
0.0
0.002651682313662912
0.0
0.0
0.0
0.0
0.0
0.0
0.0
0.0
0.0
0.0
0.0033627511140335966
0.0
0.0
0.0
0.0
0.0
0.0
0.0
0.0
0.0
0.0
0.0
0.0
0.0
0.0
0.0
0.0
0.018521582353542232
0.0
0.007144808132042907
0.01106809259845771
0.0
0.0
0.012939056086703253
0.0017802055406349706
0.0
0.0
0.008194365653602658
0.0
0.0
0.0021530885961884728
0.0
0.0
0.0
0.0
0.0
0.0
0.0
0.0
0.0
0.0
0.0
0.0
0.0
0.0
0.0
0.0
0.0042283985262268845
0.0
0.0
0.0
0.0
0.0
0.0
0.002138083235982967
0.008292056237998396
0.0
0.0
0.0
0.0
0.0
0.010280112938366233
0.0
0.0
0.0
0.0
0.0
0.0
0.0
0.0
0.0
0.0
0.0
0.0
0.0
0.0
0.0
0.0
0.0
0.0
0.0
0.0
0.0
0.0
0.0
0.0
0.0
0.0
0.0
0.0001237390949673447
0.0
0.0
0.0
0.0
0.0
0.0
0.0
0.0
0.0
0.0
0.0
0.0
0.0
0.0
0.0
0.0
0.0
0.0
0.0007908764689627679
0.0
0.0
0.0
0.0004038702958057853
0.009698111293859472
0.0020289005823835677
0.0
0.0
0.0
0.0
0.0
0.0
0.0
0.0
0.0
0.0
0.0
0.0
0.0064679709123408894
0.0
0.003246079415034658
0.0
0.0
0.0
0.0
0.0012086204153375216
0.0
0.0
0.0
0.0
0.0
0.0
0.0
0.0
0.0
0.005224916297917826
0.0
0.0
0.0
0.0
0.0
0.0
0.0
0.009537807295954399
0.0
0.0
0.007061362922191125
0.0
0.0
0.0
0.0
0.0
0.0
0.0
0.0
0.0
0.001501265413817242
0.0
0.0
0.0
0.00012420222710118477
0.0
0.0
0.0
0.0
0.0
0.0
0.002994660348231176
0.0
0.0
0.0
0.0
0.0
0.0
0.0
0.0
0.0
0.0
0.0
0.0
0.0
0.0014307485166249563
0.0
0.0
0.0
0.0022571678754484538
0.0
0.0
0.0
0.0
0.0
0.0
0.0
0.0
0.0
0.0
0.0
0.0
0.0
0.0
0.0
0.0
0.0
0.0
0.0
0.0
0.0
0.0
0.0
0.0
0.0
0.0
0.0
0.0
0.0
0.0
0.0
0.0
0.0
0.0
0.0
0.0
0.001957142553419373
0.0
0.0
0.0
0.0
0.0
0.0
0.0
0.0
0.0
0.020528257714949996
0.0016187795078240297
0.0
0.0
0.0
0.0
0.0
0.0
0.0
0.0
0.0
0.0
0.0
0.0
0.0
0.0
0.0
0.0
0.0
0.0
0.0
0.0
0.012690091350310056
0.0
0.0
0.0
0.013467064720506221
0.006907006865955907
0.0
0.0
0.0
0.0
0.0
0.0
0.0
0.0
0.01257880809912216
0.0
0.0
0.0
0.0
0.0
0.0
0.0
0.0
0.00024068925340654996
0.0
0.0
0.006847748923294183
0.0
0.0
0.0
0.0
0.0
0.009329141285819654
0.0
0.0
0.0
0.0
0.0
0.0
0.0
0.0
0.0
0.0
0.0021739361592953755
0.0
0.0
0.0
0.0
0.0
0.0
0.0
0.0
0.0
0.0
0.0
0.0
0.0
0.0
0.0
0.0
0.0
0.0
0.0
0.0
0.0
0.0
0.016722164543495635
0.0
0.0
0.0
0.0
0.0
0.0
0.0
0.0
0.0
0.0
0.0
0.0
0.0
0.0
0.0
0.0
0.0
0.0
0.001142879954221414
0.0
0.0
0.0
0.0
0.0
0.0
0.0019178974172743223
0.0
0.0
0.0
0.0
0.01087548616485151
0.0
0.0
0.0
0.0
0.001922361512130191
0.0
0.0
0.0
0.0
0.0
0.0
0.0
0.0
0.0
0.002656500806716264
0.0
0.0
0.0
0.0
0.0
0.0
0.0032194351829676238
0.00533462986136019
0.0
0.0
0.0
0.0
0.0
0.0
0.0
0.0009183062003857796
0.0
0.0
0.0
0.0
0.0
0.0
0.0
0.0
0.008187975081172548
0.0
0.0
0.0
0.0
0.004624953235603423
0.0
0.0
0.0
0.0
0.0
0.0
0.0
0.0
0.00645471301893401
0.0
0.0
0.005865210736628644
0.0
0.0
0.0
0.0
0.0
0.0
0.0
0.0
0.0
0.0
0.0
0.0
0.0
0.0
0.0
0.0
0.0
0.0
0.0
0.0
0.004089993997884119
0.0
0.007349207518223624
0.0
0.0
0.0
0.0
0.02190371476361701
0.0
0.0
0.0
0.0
0.0
0.0
0.0
0.0
0.0
0.0
0.0
0.0
0.0
0.0
0.0
0.0
0.0
0.0
0.0
0.0
0.0
0.0
0.0
0.0
0.0
0.004109614740763673
0.0
0.0
0.0
0.0
0.0
0.0
0.0
0.0
0.0
0.0
0.0
0.0
0.0
0.0
0.0
0.0
0.0
0.009096003155652172
0.0
0.0
0.0
0.0
0.0
0.0
0.0
0.0
0.0
0.0
0.0
0.0
0.00865470806378532
0.0
0.0
0.0
0.0
0.0
0.0
0.0
0.0
0.0
0.0
