0.0
0.0
0.0
0.0
0.0
0.0
0.0
0.0
0.0
0.0
0.0
0.0
0.0
0.0
0.0
0.0
0.0
0.0
0.0
0.0
0.0
0.0
0.0
0.008951820453452341
0.0
0.0
0.0
0.0
0.0
0.0
0.0
0.021076490775169127
0.006589196593764274
0.0
0.0
0.0
0.0
0.0
0.011159683437356911
0.0
0.015306206085760533
0.0
0.0
0.0
0.0
0.0
0.0
0.0
0.0
0.0
0.0
0.0
0.0
0.0
0.0
0.0
0.0
0.0
0.0
0.0
0.0
0.0
0.0
0.004340132312689277
0.016038886611729874
0.0
0.0
0.0
0.0
0.00849661676807284
0.00700744947500807
0.0
0.0
0.0
0.0
0.0
0.0
0.0
0.0
0.0
0.0
0.0
0.0
0.0
0.0
0.0
0.0
0.0
0.0
0.0
0.0089323355232793
0.0
0.0
0.0
0.0
0.0
0.0
0.0
0.0
0.0
0.0
0.0
0.0
0.0
0.0
0.029089738603267336
0.0
0.0
0.0
0.0
0.0
0.0
0.0
0.0
0.0
0.0
0.0
0.0
0.0
0.0
0.0
0.007631784451779318
0.0
0.0
0.0
0.0
0.0
0.0
0.0
0.0
0.0
0.0
0.0
0.0
0.0
0.0
0.0
0.0
0.0
0.0
0.012592127613215525
0.0
0.0
0.0
0.0
0.0
0.008362666185233675
0.0
0.0
0.0
0.011754109406006867
0.003832708358533929
0.0
0.0
0.0
0.0
0.0
0.0
0.0
0.0
0.0
0.0
0.0
0.0
0.0
0.0
0.0
0.0
0.0
0.0
0.0
0.0
0.0
0.0
0.0
0.0
0.0
0.0
0.0
0.0
0.0
0.0032263433545441345
0.0
0.0
0.0
0.0
0.0
0.004843990479356895
0.0
0.0
0.0
0.0
0.0
0.0
0.0
0.0
0.0
0.0
0.0
0.0
0.0
0.0
0.0
0.00814356284041554
0.0
0.0
0.0
0.0
0.0
0.01057973463665459
0.022368117851318665
0.0
0.013064089815109807
0.0
0.0
0.0
0.0
0.014031682486471709
0.0
0.0
0.0
0.0
0.0
0.0
0.0
0.0
0.0
0.0025116776262692026
0.0
0.0
0.0
0.0
0.0
0.0
0.0
0.0
0.0
0.0
0.0
0.0
0.014807334114817116
0.0
0.0
0.0
0.0
0.0
0.0
0.0
0.0
0.004165599401802521
0.0
0.0
0.0
0.0
0.0
0.0
0.0
0.0
0.0
0.0
0.0
0.0
0.0
0.0
0.0
0.0
0.0
0.0
0.0
0.0
0.0
0.0
0.010302731984697867
0.0
0.0
0.0
0.0
0.0
0.0
0.0
0.0
0.0
0.0
0.0
0.0
0.0
0.0
0.0
0.0
0.0
0.0
0.0
0.0
0.0
0.0
0.0
0.0
0.0
0.0
0.0
0.0
0.0
0.0
0.0
0.0
0.0
0.0
0.0
0.0
0.0
0.0
0.0
0.0
0.0
0.0
0.0
0.0
0.0
0.0
0.0
0.0
0.0
0.0
0.0
0.011021908926317603
0.0
0.0
0.0
0.0
0.0
0.0
0.0
0.0
0.0
0.0
0.0
0.0
0.0
0.0
0.002672866169225689
0.0
0.0
0.0
0.0
0.0
0.0
0.0
0.0
0.0
0.0
0.0
0.0
0.0
0.0
0.0
0.0
0.0
0.0
0.0
0.0030605938729264975
0.0
0.0
0.0
0.0
0.0
0.0
0.0
0.0
0.009698658696496516
0.0
0.0
0.0
0.0
0.0
0.003127805349053997
0.0
0.0
0.0
0.0
0.0
0.0
0.0
0.0041372082196435315
0.0
0.003855359433730727
0.0
0.0
0.0
0.0
0.0
0.0
0.0
0.0
0.0
0.0
0.0
0.0
0.0
0.0
0.0
0.0
0.0
0.0034455993249393343
0.0
0.0
0.0
0.0
0.007397883463362278
0.0
0.0
0.0
0.0
0.00259536275327674
0.0
0.0
0.0
0.0
0.0
0.0
0.0
0.0
0.0
0.0
0.0
0.0
0.0
0.0076604736175202555
0.0
0.0
0.0
0.0
0.0
0.0
0.0
0.0
0.0
0.0
0.0
0.0
0.0
0.0
0.0
0.0
0.0
0.0
0.0
0.0
0.00506952013432704
0.0
0.0
0.0
0.0
0.015847511109193163
0.0
0.01463933726848896
0.0
0.0
0.0
0.0
0.00757671587062648
0.0
0.0
0.0
0.0
0.006584427483780986
0.0
0.0
0.0
0.0
0.0
0.0
0.0
0.0
0.0
0.0
0.0
0.0
0.0
0.0
0.0
0.0
0.010969875363959136
0.0
0.0
0.0
0.0
0.0
0.0
0.0
0.0
0.0
0.0
0.0
0.0
0.0
0.0
0.00860730396397653
0.0
0.0
0.0
0.0
0.0
0.0
0.0
0.0
0.0
0.0
0.0
0.0
0.0
0.0
0.0
0.0
0.0
0.0
0.0
0.0
0.0
0.0
0.0
0.0
0.0
0.0
0.0
0.0
0.0
0.0
0.0
0.0
0.0
0.0
0.0
0.0
0.0
0.0
0.0
0.0
0.0
0.0
0.0
0.0
0.0
0.0
0.0
0.0
0.0
0.0
0.0
0.0
0.0
0.0
0.01782502384586723
0.0
0.0
0.0
0.0
0.0
0.0
0.0
0.0
0.0
0.033814911944254906
0.0
0.0
0.0
0.0
0.0
0.0
0.0
0.0
0.0
0.0
0.0
0.0
0.0
0.0
0.005898021740981466
0.0
0.0
0.0
0.0
0.0
0.0
0.0
0.0
0.0
0.0
0.0
0.0
0.0
0.0
0.0
0.0
0.0
0.0
0.0
0.009311068217778763
0.0
0.0
0.0
0.0
0.03490727966763805
0.0
0.0
0.0
0.0
0.0
0.0
0.0
0.0
0.0
0.0
0.0
0.016568161987913506
0.0
0.0
0.0
0.0
0.0
0.0
0.0
0.0
0.0
0.0
0.0
0.0
0.0
0.0
0.0
0.0200782639360636
0.0
0.009271731319773921
0.0
0.0
0.0
0.0
0.0
0.0
0.0
0.0
0.0
0.0
0.0
0.0
0.0
0.0
0.0
0.005571181018395092
0.004428818981604907
0.0
0.0
0.0
0.0
0.0
0.0
0.0
0.0
0.0
0.0
0.0
0.0013373125697054814
0.004669636779362225
0.0
0.0134158806842912
0.0
0.0
0.0
0.0
0.01475291766654857
0.0
0.0
0.0
0.0
0.0
0.0
0.0
0.0
0.0
0.012726308161723866
0.0
0.0
0.0
0.0
0.0
0.0
0.0
0.0
0.0
0.010760298624981563
0.0
0.0
0.0
0.0
0.0
0.0
0.0
0.0
0.0
0.009684854944012779
0.0
0.0
0.0
0.0
0.0
0.0
0.0
0.0
0.0
0.0
0.0
0.0
0.0
0.0
0.0
0.0
0.0
0.0
0.0
0.0
0.01663425642122954
0.0
0.0
0.0
0.0
0.014937363666563168
0.0
0.0
0.0
0.0
0.0
0.0
0.0
0.0
0.0
0.0
0.0
0.0
0.002894753206813312
0.0
0.0
0.0
0.0
0.0010540957874452857
0.0
0.0
0.0
0.0
0.0
0.0
0.0
0.0
0.0
0.0
0.0
0.010741184593077284
0.0
0.0
0.012947368119519709
0.003590805606910431
0.0
0.010394618008808561
0.004908227964173969
0.0
0.0
0.007447972435161766
0.0
0.0
0.0
0.0
0.0
0.0
0.0
0.0
0.0
0.0
0.0
0.0
0.0
0.0
0.0
0.0
0.0
0.0
0.0
0.003218903719798303
0.0
0.0
0.0
0.0
0.0
0.0
0.006852477525127338
0.003167280867635867
0.0
0.0
0.0
0.0
0.0
0.0
0.0
0.0
0.0
0.0
0.0
0.0
0.0
0.0
0.0
0.0
0.0
0.0
0.0
0.0
0.0
0.0
0.0
0.0
0.0
0.0
0.0
0.0
0.0
0.0
0.0
0.0
0.0
0.0
0.0
0.0
0.0
0.0
0.0
0.0
0.0
0.0
0.0
0.0
0.0
0.0
0.0
0.0
0.0
0.0
0.0
0.0
0.0
0.0
0.0
0.0
0.0
0.012267649384009696
0.0
0.0
0.0
0.0
0.0
0.0
0.0
0.0
0.0
0.0
0.0
0.0
0.0
0.01288097485353826
0.0
0.0
0.0
0.0
0.0
0.0
0.0
0.0
0.0
0.0
0.0
0.0
0.0
0.0
0.0
0.0
0.00533593873361756
0.0
0.0
0.0
0.0
0.0
0.0
0.0
0.012672456738921643
0.0
0.0
0.01105355403437592
0.0
0.0
0.0
0.0
0.0
0.0
0.006395823551524917
0.0
0.0
0.0
0.0
0.0
0.0
0.0
0.0
0.0
0.0
0.0
0.0
0.0
0.0036034060121274674
0.0
0.0
0.0
0.0
0.0
0.0
0.0
0.0
0.0
0.0
0.0
0.0
0.0
0.00413858815402389
0.0
0.0
0.0
0.005121978812082218
0.0
0.0
0.0
0.0
0.0
0.0
0.0
0.0
0.0
0.0
0.0
0.0
0.0
0.0
0.0
0.0
0.0
0.0
0.0
0.0
0.0
0.0
0.0
0.0
0.0
0.0
0.0
0.0
0.0
0.0
0.0
0.0
0.0
0.0
0.0
0.0
0.003742711557705986
0.0
0.0
0.0
0.0
0.0
0.0
0.0
0.0
0.0
0.015919776350981664
0.00674956702558353
0.0
0.0
0.0
0.0
0.0
0.0
0.0
0.0
0.0
0.0
0.0
0.0
0.0
0.0
0.0
0.0
0.0
0.0
0.0
0.0
0.008456515445661226
0.0
0.0
0.0
0.007853750018102517
0.009329289098662237
0.0
0.0
0.0
0.0
0.0
0.0
0.0
0.0
0.0035788930460585733
0.0005037142123563376
0.0
0.0
0.0
0.0
0.0
0.0
0.0
0.0
0.0
0.0
0.007423445766801497
0.0
0.0
0.0
0.0
0.0
0.0029035292462824005
0.0
0.0
0.0
0.0
0.0
0.0
0.0
0.0
0.0
0.0
0.0049982657408558714
0.0
0.0
0.0
0.0
0.0
0.0
0.0
0.0
0.0
0.0
0.0
0.0
0.0
0.0
0.0
0.0
0.0
0.0
0.0
0.0
0.0
0.0
0.024983494980804367
0.0
0.0
0.0
0.0
0.0
0.0
0.0
0.0
0.0
0.0
0.0
0.0
0.0
0.0
0.0
0.0
0.0
0.0
0.0
0.0
0.0
0.0
0.0
0.0
0.0
0.0
0.0
0.0
0.0
0.0
0.008823219347097793
0.0
0.0
0.0
0.0
0.0
0.0
0.0
0.0
0.0
0.0
0.0
0.0
0.0
0.0
0.004399904944033739
0.0
0.0
0.0
0.0
0.0
0.0
0.006306127617030361
0.004085162537090281
0.0
0.0
0.0
0.0
0.0
0.0
0.0
0.0015756655487756239
0.0
0.0
0.0
0.0
0.0
0.0
0.0
0.0
0.010576356767059971
0.0
0.0
0.0
0.0
0.0
0.0
0.0
0.0
0.0
0.0
0.0
0.0
0.0
0.0
0.0
0.0
0.0056142827972812046
0.0
0.0
0.0
0.0
0.0
0.0
0.0
0.0
0.0
0.0
0.0
0.0
0.0
0.0
0.0
0.0
0.0
0.0
0.0
0.0
0.0
0.0
0.007446583220657157
0.0
0.0
0.0
0.0
0.020711443990279146
0.0
0.0
0.0
0.0
0.0
0.0
0.0
0.0
0.0
0.0
0.0
0.0
0.0
0.0
0.0
0.0
0.0034182371521417894
0.0
0.0
0.0
0.0
0.0
0.0
0.0
0.0
0.007608520602256011
0.0
0.0
0.0
0.0
0.0
0.0
0.0
0.0
0.0
0.0
0.0
0.0
0.0
0.0
0.0
0.0
0.0
0.00327602407393907
0.0
0.0
0.0
0.0
0.0
0.0
0.0
0.0
0.0
0.0
0.0
0.0
0.0052589403584957185
0.0
0.0
0.0
0.0
0.0
0.0
0.0
0.0
0.0
0.0
