0.0
0.0
0.0
0.0
0.0
0.0
0.0
0.0
0.009914366209695444
0.0
0.0
0.0
0.0
0.0
0.0
0.0
0.0
0.0
0.0
0.0
0.0
0.0
0.0
0.00808023145949058
0.0
0.0
0.0003773426654096268
0.0
0.0
0.0
0.0
0.01079231345231772
0.017532500698674465
0.0
0.0
0.0
0.0
0.0
0.02502513664253747
0.0
0.01910102354163029
0.0
0.0
0.0
0.0
0.0
8.977640333095735e-05
0.0
0.0
0.0
0.0
0.0
0.0
0.0
0.0
0.0
0.0
0.0
0.0
0.0
0.0
0.0
0.0
0.006811666507617608
0.01855260161037683
0.0
0.0
0.0
0.0
0.005459582466948875
0.008370640677544004
0.0
0.0
0.0
9.936472808462396e-05
0.0
0.0
0.0
0.0
0.0
0.0
0.0
0.0
0.0
0.0
0.0
0.0
0.0
0.0
0.0
0.00901699680666172
0.0
0.0
0.0
0.0
0.0
0.0
0.0
0.0
0.0
0.0
0.0
0.0
0.0
0.0
0.01669831690771574
0.0
0.0
0.0
0.0
0.0
0.0
0.0
0.0
0.0
0.0
0.0
0.0
0.0
0.0
9.350097361667373e-05
0.0029479873774629884
0.0
0.0
0.0
0.0
0.0014417471605849476
0.0
0.0
0.0
0.0
0.0
0.00013051716844505434
0.0
0.0
0.0
0.0
0.0
0.0
0.0
0.0014784709862346334
0.0
0.0
0.0037463138280343124
0.0
0.0
0.01097280136728571
0.0
0.0
0.0
0.007117132186173305
0.0
0.0
0.0
0.0
0.0
0.0
0.0038747054729159182
0.0
0.0
0.0
0.0
0.0
4.818607090960321e-05
0.0
0.0
0.0
0.0
0.0
0.0
0.0
0.0
0.0
0.0
0.0
0.0
0.0
0.0
0.0
0.0
0.0
0.005536463803478328
0.0
0.0
0.0
0.0001451668992739404
0.0
0.01582298144244586
0.0
0.0
0.0
0.0
0.0
0.0
0.0
0.0
0.0
0.0
0.0
0.0
0.0
0.0
0.0
0.0002660757827111132
0.0
0.0
0.0
0.0
0.0
0.01880694238040492
0.01778647076044218
0.0
0.010715372623555016
0.0
0.0
0.0
0.0
0.01016406787179235
0.0
0.0
0.0
0.0
0.0
0.0
0.0
0.0
9.07246225667346e-05
0.0
0.0
0.0
0.0
0.0
0.0
0.0
0.0
0.0
0.0
0.0
0.0
0.0
0.012145374466305625
0.0
0.0
0.0
0.0
0.0
0.0
0.010824080539468808
0.0
0.003604543233275641
0.0
0.0
0.0
0.0
0.0
9.396464462658934e-05
0.0
5.0679440467023275e-05
0.0
0.00020041039281425217
0.0
0.0
0.0
0.0
0.0
0.0
0.0
0.0
0.0
0.0
0.0
0.0
0.00616847143846318
0.0
0.0
0.0
0.0
0.0
0.0
0.0
0.0
0.0
0.0
0.0
0.0
0.0
0.0
0.0
0.0
0.00015499249196514195
0.0
0.0005484847338946179
0.0
0.0
0.0017354212996552219
0.0
0.0
0.0
0.0
0.0
0.0
0.0
0.0
0.0
0.0
0.0
0.0
0.0
0.0
0.0
0.0
0.0
0.0
0.0
0.0
0.0
7.297773959826721e-05
0.0
0.0
0.0
0.0057634846731582975
0.0
0.0
0.0
0.012823858699672133
0.0
0.0
0.0
0.0
0.0
0.0
0.0
0.0
0.0018331931444864433
0.0
0.0
0.00018648627872739395
0.0
0.0
0.002821590904393775
0.0
0.0
0.0
0.0
0.0
0.0
0.0
0.0
0.0
0.0
0.0
0.0
0.0
0.0
0.0
0.0
0.0
0.0
0.0
0.003825635366863545
0.0
0.0
0.0
0.0
0.0
0.0
0.0
0.0
0.006854853542674304
0.0
0.0
0.0
0.0
0.0
0.0059294704240400965
0.0
0.0
0.0
0.0
0.0
0.0
0.0
0.0
0.0
0.001478387054297388
0.0
0.0
0.0
0.0
0.0
0.0
0.0
4.696905974268945e-05
0.0
0.0
4.7570743649337835e-05
0.0
0.0
0.0
0.0
0.0
0.0
0.0031813267202727346
0.0
0.0
0.0
0.0
0.0014360640081612947
0.0
0.0
0.0
0.0
0.008420312079985521
0.0
0.0
0.0
0.0
0.0
0.0
0.0
0.0
0.0
0.0
0.0
0.0
0.0001408000213539869
0.0025937489521414246
0.0011719795095418287
0.0
0.0
0.0
0.0
0.0
0.0
0.0
0.0
0.0
0.0
5.385543513434875e-05
0.0
0.0
0.0
0.0
0.0
0.0
0.0
0.0
0.013808941013190777
0.0
0.0
0.0
0.0
0.008267254653638718
0.0
0.016273950044575346
0.0
0.0017005536079308205
0.0
0.0
0.01309483548570066
0.0
0.0
0.0
0.0
0.013170148791385948
0.0
0.0
0.0
0.0
0.0
0.0
0.0
0.0
0.0
0.0
0.0
0.0
0.0
0.0
0.0
0.0
0.009127906622633335
0.0
0.0
0.0
8.035121422917047e-05
0.0
0.0
0.0
0.0
0.0
0.0
0.0038869601082629755
0.0
0.0
0.0
0.016120733243590864
0.0
0.0
0.0
0.0
0.0
0.0
8.790880355789445e-05
9.683988741627264e-05
0.0
0.0
0.0
0.0
0.0
0.0
0.0
0.0
0.0
0.0
0.0
0.0
0.0
0.0
0.0
0.0
0.0
0.0
0.0
0.0
0.0
0.0
0.0
0.0
0.0
0.0
0.0
0.0
0.0
0.0
0.0
0.0
0.0
0.0
0.0
0.0
0.0
0.0
0.0
0.0
0.0
0.0
0.0
0.0
0.0
0.0
0.012907496785728364
0.0
0.0
0.0
0.0
0.0
0.0
0.0
0.0
0.0
0.01943001052737403
0.0
0.004645872157661978
0.0001801251756389015
0.0
0.0
0.0
0.0
0.0
0.0
0.0
0.0
0.0
0.0
0.0
0.010390024409734943
0.0
0.0
0.0
0.0
0.0
0.0
0.0
0.0
0.0
0.0
0.0
0.0
0.0
0.0
0.0
0.0
0.0
0.00012581666176285445
0.00017342036512415647
0.005315804247821276
0.0
0.0
0.0
0.0
0.010891579248711576
0.0
0.0
0.0
0.0017631584926594867
0.0
0.0
0.0
0.0
0.0
0.0
0.0
0.01710159736710271
0.0
0.0
0.0019456073873554338
0.0
0.0
0.0
0.0
0.0
0.0
0.0
0.0
0.0
0.0
0.0
0.0
0.017605478932786273
0.0
0.0027309934776952676
0.0
0.0
0.0
0.0
0.0
0.0
0.0
0.0
0.0
0.0
0.0
9.453867873268851e-05
0.0
0.0
0.0
0.0017986519031224235
0.002185136702388915
0.0
0.0
0.0
0.0
0.0
0.0
0.0
0.00022252104963422028
0.0
0.0
0.0
0.0
0.0
0.0
0.008017749911979268
0.0
0.0
0.0
0.0
0.01672002843642506
0.0
0.0
0.0
0.0
0.0
0.0
0.0
0.0015052076841994971
0.0
0.014449553991776623
0.0
0.0
0.0
0.0
0.0
0.0
0.0
0.0
0.0
0.013288196839093267
0.0
0.0
5.2491690743012765e-05
0.0
0.0
0.0
0.0
0.0
0.0
0.012309136656884124
0.0
0.0
0.0
0.0
0.0
0.0
0.0
0.0
0.0
0.0
0.0
0.0
0.0
0.0
0.0
0.0
0.0
0.0
0.0
0.0015434255645232397
0.008498783725471476
0.0
0.0
0.0
0.0
0.00869085118625517
0.0
0.001559434841944441
0.0
0.0
0.0
0.0
0.0
0.0
0.0
0.0
0.0
0.0
0.004472374489641483
0.0
0.0
0.0
0.0
0.0
0.0
0.0
0.0
9.9721490558711e-05
0.0
0.0
0.0
0.0
0.0
0.0
0.0
0.016667466840996015
0.0
0.002015198390188509
0.010887777576132898
0.0035856266214295716
0.0
0.0074005885900268785
0.0018051405190485578
0.0
0.0
0.0035173069114896515
0.0
0.0
0.0019829305920974686
0.0
0.0
0.0
7.280621742821734e-05
0.0
0.0
0.0
0.0
0.0
0.0
0.0
0.0
0.0
0.0
0.0
0.0
0.001719178190141587
5.006054646625784e-05
0.0
0.0
0.0
0.0
0.0
0.0017838154673079803
0.004010400977028868
0.0
0.0
0.0
0.0
0.0
0.008254671130577141
0.0
0.0
0.0
0.0
0.0
0.0
0.0
0.0
0.0
0.0
0.0
0.0
0.0
0.0
0.0
0.0
0.0
0.0
0.0
0.0
0.0
0.0
0.0
0.0
0.0
0.0
0.0
0.0
0.0
0.0
0.0
0.0
0.0
0.0
0.0
0.0
0.0
0.0
0.0
0.0
0.0
0.0
0.0
0.0
0.0
0.0
0.0004495078323117499
0.0
0.0
0.0
0.0
0.005160997797446238
0.0
0.0
0.0
0.0
0.0
0.0
0.0
0.0
0.0
0.0
0.0
0.0
0.0
0.01291508383944611
0.00031329987044837864
0.0017814320940491984
0.0
0.0
0.0
0.0
0.0035612957961310586
0.0
0.0
6.56607008623038e-05
0.0
0.0
0.0
0.0
0.0
0.0
0.005644649455038099
0.0
0.0
0.0
0.0
0.0
0.0
0.0
0.01057670234947733
0.0
5.227968576448545e-05
0.0030394470406524725
0.0
0.0
0.0
0.00011346524347219843
0.0
0.0
0.00028942962186192665
0.0
0.0
0.0003318622297754878
0.0
0.0
0.0
0.002949783212963614
0.00528603007283031
0.0
0.0
0.0
0.0
0.0
0.004547418922778239
0.0
0.0
9.43004979738226e-05
0.0
0.0
0.0
0.0
0.0
0.0
0.0
0.0
0.0
0.0
6.648978042801733e-05
0.0
0.0
0.0
0.002579886568090096
0.0
0.0
0.0
0.0005269097431406543
0.0
0.0
0.0
0.0
0.0
0.0
0.0
0.0
0.0
0.0
0.0
0.0
0.0
0.0
0.0
0.0
0.0
0.0
0.0
0.0
0.0
0.0001617642067563426
0.0
0.0
0.0
0.0
0.0
0.0
0.0
0.0
0.0
0.0
0.001354633009980834
0.0
0.0
0.0
0.0
0.0
0.0
0.0
0.0
0.0
0.014062953608655986
0.00023260858555818463
0.0
0.0
0.0
0.0
9.513445193592911e-05
0.0
0.0
0.0
0.0
0.0
0.0
4.718348453730856e-05
0.0
0.0
0.0
0.0
0.0
0.0
0.0
0.0
0.007989137602039287
0.0
0.0
0.0
0.020384919232676664
0.008119576982091098
0.0
0.0
0.0
0.0
0.0
0.0
0.0
0.0
0.00892618504922465
0.0
0.0
0.0
0.0
0.0
0.0
0.0
0.0
0.0013562535448846409
0.0
0.0
0.008327071158610373
0.0
0.0
0.0
0.0
0.0
0.011803913902881366
0.0
0.0
0.0
0.0
0.0
0.0
0.0
0.0
0.0
0.0
0.0018291308797515418
7.595111733339287e-05
0.0
0.0
0.0
0.0
0.0
0.0
0.0
0.0
0.0
0.0
0.0
0.0
0.0
0.0
0.0
0.0
0.0
0.0
0.0
4.9358484960594534e-05
0.0
0.009429490141551658
0.0
0.0
0.0
0.0
0.0
0.0
0.0
0.0
0.0
0.0
0.0
0.0
0.0
0.0
0.0
0.00014356151232949453
0.0
0.0
0.0005654407802200208
0.0
0.0
0.0
0.0
0.0
0.0
0.0020811482606891696
0.0
0.0
0.0
0.0
0.013657215783761117
0.0
0.0
0.0
0.0
0.003962617966866675
0.0
0.0
0.0
0.0
0.0
0.0
0.0
0.0
0.0
0.008082349030535526
0.0
0.0
0.0
0.0
0.0
0.0
0.008821817800507763
0.005872745503818265
0.0
0.0
0.0
0.0
0.0
0.0
0.0
0.0
0.0
0.0
0.0
0.0
0.0
0.0
0.0
0.0
0.006479639877206029
0.0
0.0
0.0
0.0
0.006299128102314839
0.0
0.0
0.0
0.0
0.0
0.0
0.0
0.0
0.002847872124310023
0.0
0.0
0.012126105149346932
0.0
0.0
0.0
0.0
4.5716496564771284e-05
0.0
0.0
0.0
0.0
0.0
0.0
0.0
0.0
0.0
0.0
0.0
0.0
0.0
0.0
0.0
0.0015033973101139884
0.0
0.006856976343998982
0.0
0.00045355103844556564
0.0
0.0
0.010310239436459943
0.0
0.0
0.00033674450561512246
3.761036521304773e-05
0.0
0.0
8.286811747549414e-05
0.0
0.0
0.0
0.0
0.0
0.0
0.0
0.0
0.0
0.0033231456419138814
0.0
0.0
0.0
0.0
0.0
0.0
0.0
0.0
0.008218496232105596
0.0
0.0
0.0
0.0
0.0
0.0
0.0
0.0
0.0
0.0
0.0
0.0
0.0
0.0
0.0
0.0
0.0
0.0033950651135495912
0.0
0.0
0.0
0.0
0.0
0.0
0.0
0.0
0.0
0.0
0.0
0.0
0.01802892695047642
0.0001425605657875385
0.0
0.0
0.0
0.0
0.00023324346979884244
0.0
0.0
0.0
0.0
