0.0
0.000696699622885335
0.0
0.0
0.0
0.0
0.0
0.0
0.00863989005872543
0.0
0.0
0.0
0.0
0.0
0.0
0.0
0.0
0.0
0.0
0.0
0.0
0.0
0.0
0.00691570650827706
0.0
0.0
0.0
0.0
0.0
0.0
0.0
0.011907021317782762
0.011888386707492236
0.0
0.0
0.0
0.0
0.0
0.010086713326131955
0.0
0.01773682307218338
0.0
0.0
0.0
0.0
0.0
0.0
0.0
0.0
0.0
0.0
0.0
0.0
0.0
0.0
0.0
0.0
0.0
0.0
0.0
0.0
0.0
0.0
0.010154853526585161
0.01108640226020081
0.0
0.0
0.0
0.0
0.006648031070924636
0.020520593179129652
0.0
0.0
0.0
0.0
0.0
0.0
0.0
0.0
0.0
0.0
0.0
0.0
0.0
0.0
0.0
0.0
0.0
0.0
0.0
0.0035303643390843394
0.0
0.0
0.0
0.0
0.0
0.0
0.0
0.0
0.0
0.0
0.0
0.0
0.0
0.0
0.017119084270841797
0.0
0.0
0.0
0.0
0.0
0.0
0.0
0.0
0.0
0.0
0.0
0.0
0.0
0.0
0.0
0.0025116562374145153
0.0
0.0
0.0
0.0
0.0
0.0
0.0
0.0
0.0
0.0
0.0
0.0
0.0
0.0
0.0
0.0
0.0
0.0
0.0020151617408875155
0.0
0.0
0.0
0.0
0.0
0.011446184299323387
0.0
0.0
0.0
0.007913363997937994
0.004135409896646661
0.0
0.0
0.0
0.0
0.0
0.0022747119763959255
0.0
0.0
0.0
0.0
0.0
0.0
0.0
0.0
0.0
0.0
0.0
0.0
0.0
0.0
0.0
0.0
0.0
0.0
0.0
0.0
0.0
0.0
0.0
0.007505728117277497
0.0
0.0
0.0
0.0
0.0
0.011448069586231364
0.0
0.0
0.0
0.0
0.0
0.0
0.0
0.0
0.0
0.0001888410316017242
0.0
0.0
0.0
0.0
0.0
0.0
0.0
0.0
0.0
0.0
0.0007572061587658872
0.02037026191260776
0.025642095683609645
0.0
0.011680019696055657
0.0
0.0
0.0
0.0
0.013709135137309465
0.0
0.0
0.0
0.0
0.0
0.0
0.0
0.0
0.0
0.0
0.0
0.0
0.0
0.0
0.0
0.0
0.0
0.0
0.0
0.0
0.0
0.0
0.0030011325660130807
0.0
0.0
0.0
0.0
0.0
0.0
0.005714709021789776
0.0
0.007949520828731117
0.0
0.0
0.0
0.0
0.0
0.0
0.0
0.0
0.0
0.0
8.58197173099257e-05
0.0
0.0
0.0
0.0
0.0
0.0
0.0
0.0
0.0
0.0
0.0
0.014903757140332947
0.0
0.0
0.0
0.0
0.0
0.0
0.0
0.0
0.0
0.0
0.0
0.0
0.0
0.0
0.0
0.0
0.0
0.0
0.0
0.0
0.0
0.004950190053717148
0.0
0.0
0.0
0.0
0.0
0.0
0.0
0.0
0.0
0.0
0.0
0.0
0.0
0.0
0.0
0.0
0.0
0.0
0.0
0.0
0.0
0.0018744546973962575
0.0
0.0
0.0
0.013220523032535625
0.0
0.0
0.0
0.012938747375002922
0.0
0.0
0.0
0.0007158495740228387
0.0
0.0
0.0
0.0
0.0014551381181858636
0.0
0.0
0.0
0.0
0.0
0.004099971015373865
0.0
0.0
0.0
0.0
0.0
0.0
0.0
0.0
0.0
0.0
0.0
0.0
0.0
0.0
0.0
0.0
0.0
0.0
0.0
0.004308120548111867
0.0
0.0
0.0
0.0
0.0
0.0
0.0
0.0
0.0072274854334631634
0.0
0.0
0.0
0.0
0.0
0.0
0.0
0.0
0.0
0.0
0.0
0.0
0.0
0.0
0.0
0.004895230243544613
0.0
0.0
0.0
0.0
0.0
0.0
0.0
0.0
0.0
0.0
0.0
0.0
0.0
0.0
0.0
0.0
0.0
0.0
0.0
0.0
0.0
0.0
0.001468710366476383
0.0
0.0
0.0
0.0
0.003679475795441446
0.0
0.0
0.0
0.0
0.0
0.0
0.0
0.0
0.0
0.0
0.0
0.0
0.0
0.007697108821371902
0.0
0.0
0.0
0.0
0.0
0.0
0.0
0.0
0.0
0.0
0.0
0.0
0.0
0.0
0.0
0.0
0.0
0.0
0.0
0.0
0.006538737339222198
0.0
0.0
0.0
0.0
0.012006972037456069
0.0
0.016454950561652075
0.0
0.0
0.0
0.0
0.007515399283682876
0.0
0.0
0.0
0.0
0.01869119324651165
0.0
0.0
0.0
0.0
0.0
0.0
0.0
0.0
0.0
0.0
0.0
0.0
0.0
0.0
0.0
0.0
0.011276656204234665
0.0
0.0
0.0
0.0
0.0
0.0
0.0
0.0
0.0
0.0
0.0
0.0
0.0
0.0
0.01680225689919565
0.0
0.0
0.0
0.0
0.0
0.0
0.0
0.0
0.0
0.0
0.0
0.0
0.0
0.0
0.0
0.0
0.0
0.0
0.0
0.0
0.0
0.0
0.0
0.0
0.0
0.0
0.0
0.0
0.0
0.0
0.0
0.0
0.0
0.0
0.0
0.0
0.0
0.0
0.0
0.0
0.0
0.0
0.0
0.0
0.0
0.0
0.0
0.0
0.0008932206598032403
0.0
0.0
0.0
0.0006356061455243307
0.0
0.02093500333708133
0.0
0.0
0.0
0.0
0.0
0.0
0.0
0.0
0.0
0.016703656252500556
0.0
0.0051026366137957475
0.0
0.0
0.0
0.0
0.0
0.0
0.0
0.0
0.0
0.0
0.0
0.0
0.010626434505466222
0.0
0.0
0.0
0.0
0.0
0.0
0.0
0.0
0.0
0.0
0.0
0.0
0.0
0.0
0.0
0.0
0.0
0.0
0.0
0.012606581358503694
0.0
0.0
0.0
0.0
0.020398180650294195
0.0
0.0
0.0
0.0043933987664937025
0.0
0.0
0.0
0.0
0.0
0.0
0.0
0.016668187254801667
0.0
0.0
0.0
0.0
0.0
0.0
0.0
0.0
0.0
0.0
0.0
0.0
0.0
0.0
0.0
0.018193028155164628
0.0
0.0048188646490303876
0.0
0.0
0.0
0.0
0.0
0.0
0.0
0.0
0.0
0.0
0.0
0.0
0.0
0.0
0.0
0.00236473386666372
0.00330156018633425
0.0
0.0
0.0
0.0
0.0
0.0
0.0
0.0
0.0
0.0
0.0
0.0
0.0
0.0
0.004446241193921677
0.0
0.0
0.0
0.0
0.02239142886303266
0.0
0.0
0.0
0.0
0.0
0.0
0.0
0.0
0.0
0.015273761228437106
0.0
0.0
0.0
0.0
0.0
0.0
0.0
0.0
0.0
0.015714109898064897
0.0
0.0
0.0
0.0
0.0
0.0
0.0
0.0
0.0
0.014732584399215591
0.0
0.0
0.0
0.0
0.0
0.0
0.0
0.0
0.0
0.0
0.0
0.0
0.0
0.0
0.0
0.0
0.0
0.0
0.0
0.0
0.011088107237229085
0.0
0.0
0.0
0.0
0.01596755211179432
0.0
0.0028535566023196266
0.0
0.0
0.0
0.0
0.0
0.0
0.0
0.0
0.0
0.0
0.0
0.0
0.0
0.0
0.0
0.0
0.0
0.0
0.0
0.0
0.0
0.0
0.0
0.0
0.0
0.0
0.0
0.014322105749722336
0.0
0.009420404187209696
0.009016271230296078
0.001826920125542455
0.0
0.008668517634168892
0.0
0.0
0.0
0.0
0.0
0.0
0.0
0.0
0.0
0.0
0.0
0.0
0.0
0.0
0.0
0.0
0.0
0.00010917457122314598
0.0
0.0
0.0
0.0
0.0
0.0029880790142079007
0.0
0.0
0.0
0.0
0.0
0.0
0.001622841984412687
0.004760947378598195
0.0
0.0
0.0
0.0
0.0
0.0
0.0
0.0
0.0
0.0
0.0
0.0
0.0
0.0
0.0
0.0
0.0
0.0
0.0
0.0
0.0
0.0
0.0
0.0
0.0
0.0
0.0
0.0
0.0
0.0
0.0
0.0
0.0
0.0
0.0
0.0
0.0
0.0
0.0
0.0
0.0004675465282311326
0.0
0.0
0.0
0.0
0.0
0.0
0.0
0.0
0.0
0.0
0.0
0.0
0.0
0.0
0.0
0.0
0.006600722811432045
0.0
0.0
0.0
0.0
0.0
0.0
0.0
0.0
0.0
0.0
0.0
0.0
0.0
0.012304670408524614
0.0
0.002542370610664238
0.0
0.0
0.0
0.0
0.0022346782665713457
0.0
0.0
0.0
0.0
0.0
0.0
0.0
0.0
0.0
0.010517647730708384
0.0
0.0
0.0
0.0
0.0
0.0
0.0
0.0033610337634490395
0.0
0.0
0.004441728443968099
0.0
0.0
0.0
0.0
0.0
0.0
0.00228217321742539
0.0
0.0
0.0013792967516640068
0.0
0.0
0.0
0.0
0.0
0.0
0.0
0.0
0.0
0.0
0.004449367245677922
0.0
0.0
0.0
0.0
0.0
0.0
0.00047387902313772846
0.0
0.0
0.0
0.0
0.0
0.0
0.0
0.0
0.0
0.0
0.002208558431661081
0.0
0.0
0.0
0.0
0.0
0.0
0.0
0.0
0.0
0.0
0.0
0.0
0.0
0.0
0.0
0.0
0.0
0.0
0.0
0.0
0.0
0.0
0.0
0.0
0.0
0.0
0.0
0.0
0.0
0.0
0.0
0.0
0.0
0.0005097378209689929
0.0
0.0
0.0
0.0
0.0
0.0005758670009591279
0.0
0.0
0.0
0.0
0.0
0.0
0.02423157222874216
0.004289857710156916
0.0
0.0
0.0
0.0
0.0
0.0
0.0
0.0
0.0
0.0
0.0
0.0
0.0
0.0
0.0
0.0
0.0
0.0
0.0
0.0
0.008529581117869462
0.0
0.0
0.0
0.020052382784027004
0.016465619582437682
0.0
0.0
0.0
0.0
0.0
0.0
0.0
0.0
0.011629151526743051
0.0
0.0
0.0
0.0
0.0
0.0
0.0
0.0
0.0
0.0
8.512810184477273e-05
0.0022069761539966646
0.0
0.0
0.0
0.0
0.0
0.00931370671546758
0.0
0.0
0.0
0.0
0.0
0.0
0.0
0.0011282202508113934
0.0
0.0
0.0
0.0
0.0
0.0
0.0
0.0
0.0
0.0
0.0
0.0
0.0
0.0
0.0
0.0
0.0
0.0
0.0
0.0
0.0
0.0
0.0
0.0
0.0
0.013771429144745091
0.0
0.0
0.0
0.0
0.0
0.0
0.0
0.0
0.0
0.0
0.0
0.0
0.0002550270070167764
0.0
0.0
0.0
0.0
0.0
0.001349841292132043
0.0
0.0
0.0
0.0
0.0
0.0
0.002318249539820008
0.0
0.0
0.0
0.0
0.008752114652845745
0.0
0.0
0.0
0.0
0.0
0.0
0.0
0.0
0.0
0.0
0.0
0.0
0.0
0.0
0.005572087170571217
0.0
0.0
0.0
0.0
0.0
0.0
0.004813576106662826
0.003599198164375136
0.0
0.0
0.0
0.0
0.0
0.0
0.0
0.0
0.0
0.0
0.0
0.0
0.0
0.0
0.0
0.0
0.011515755685312535
0.0
0.0
0.0
0.0
0.0
0.0
0.0
0.0
0.0
0.0
0.0
0.0
0.0
0.002512701720708481
0.0
0.0
0.007382442392147987
0.0
0.0
0.0
0.0
0.0
0.0
0.0
0.0
0.0
0.0
0.0
0.0
0.0
0.0
0.0
0.0
0.0
0.0
0.0
0.0
0.005604020769928094
0.0
0.008803525394010253
0.0
0.0014245928872210056
0.0
0.0
0.006506458976371425
0.0
0.0
0.0
0.0
0.0
0.0
0.0
0.0
0.0
0.0
0.0
0.0
0.0
0.0
0.0
0.0
0.002151053288724051
0.0
0.0
0.0
0.0
0.0
0.0
0.0
0.0
0.0026484980673265723
0.0
0.0
0.0
0.0
0.0
0.0
0.0
0.0
0.0
0.0
0.0
0.0
0.0
0.0
0.0
0.0
0.0
0.003275633093815815
0.0
0.0
0.0
0.0
0.0
0.0
0.0
0.0
0.0
0.0
0.0
0.0
0.014417497532062562
0.0
0.0
0.0
0.00020060242312303138
0.0
0.0
0.0
0.0
0.0
0.0
