0.0
0.0
0.0
0.0
0.0
0.0
0.0
0.0
0.0047694454579602355
0.0
0.0
0.0
0.0
0.0
0.0
0.0
0.0
0.0
0.0
0.0
6.0893445830600066e-05
0.0
0.0
0.011240811309519767
0.0
0.0
0.0
0.0
0.0
0.0
0.0
0.014667967009734838
0.015581426467839265
0.0
0.00015463569593006406
0.0
0.0
0.0
0.01616053248211216
0.0
0.010169645433433254
0.0
0.0
0.0
0.0
0.0
0.0
0.0
0.0
0.0
0.0
0.0
0.0
0.0
0.0
0.0
0.0
0.0
0.0
0.0
0.0
0.0
0.0
0.002138471145748401
0.013494482008779691
0.0
0.0
0.0
0.0
0.005496635445738881
0.01649279242096642
0.0
0.0
0.0
0.0
0.0
0.0
0.0
0.0
0.0
0.0
0.0
0.0
0.0
0.0
0.0
0.0
0.0
0.0
0.0
0.006333132636394309
0.0
0.0
0.0
0.0
0.0
0.0
0.0
0.0
0.00022322482235893638
0.0
0.0
0.0
0.0
0.0
0.01820008764306891
0.0
0.0
0.0
0.0
0.0
0.0
0.0
0.0
0.0
0.0
0.0
0.0
0.0
0.0
0.0
0.004379160141678541
0.0
0.0
0.0
0.0
0.0
0.0
0.0
0.0
0.0
0.0
0.0
0.0
0.0
0.0
0.0
0.0
0.0
0.0
8.910957178580934e-05
0.0
0.0
0.001538939861894351
0.0
0.0
0.004814717913193313
0.0
0.0
0.0
0.006089584304287578
0.0009602503270524873
0.0
0.0
0.0
0.0
0.0
0.0017270580698673362
0.0
0.0
0.0
0.0
0.0
0.0
0.0
0.0
0.0
0.0
0.0
0.0
0.0
0.0
0.0
0.0
0.0
0.0
0.0
0.0
0.0
0.0
0.0
0.007716613164555999
0.0
0.0
0.0
0.0
0.0
0.008841280707868486
0.0
0.0
0.0
0.0
0.00010765250786796935
0.0
0.0
0.0
0.0
0.0
0.0
0.0
0.0
0.0
0.0
0.0010038728108065738
0.0
0.0
0.0
0.0
8.597636689507237e-05
0.016842114898054213
0.012521794572746487
0.0
0.011360544129403962
0.0
0.0
0.0
0.0
0.012784070450557943
0.0
0.0
0.0
0.0
0.0
0.0
0.0
0.0
0.0
0.0
0.0
0.0
0.0
0.0
0.0
0.0
0.0
0.0
0.0
0.0
0.0
0.0
0.00740175865052831
0.0
0.0
4.0598636814675895e-05
0.0
0.0
0.0
0.009963300272684578
0.0
0.0012499525266532023
0.0
0.0
0.0
0.0
0.0
0.0
0.0
0.0
0.0
0.0
0.0
0.0
0.0
0.0
0.0
0.0
0.0
0.0
0.0
0.0
0.0
0.0
0.009783130253128354
0.0
0.0
0.0
0.0
0.0
0.0
0.0
0.0
0.0
0.0
0.0
0.0
0.0
0.0
0.0
0.0
0.0
0.0
0.0
0.000134549072090459
0.0
0.0024296324973152633
0.0
0.0
0.0
0.0
0.0
0.0
0.0
0.0
0.0
0.0
0.0
0.0
0.0
0.0
0.0
0.0
0.0
0.0
0.0
0.0
0.0
0.0006944571456823012
0.0
0.0
0.00018197731092814144
0.010529936511335334
0.0
0.0
0.0
0.013959757157406277
0.0
0.0
0.0
0.0
0.0
0.0
0.0
0.0
0.003963323973357067
0.0
0.0
0.0
0.0
0.0
0.0022275988533476676
0.0
0.0
0.0
0.0
0.0
0.00015584640005070625
0.0
0.0
0.0
0.0
0.0
0.0
0.0002713068060697077
0.0
0.0
0.0
0.0
0.0
0.0
0.007789156467460012
0.0
0.0
0.0
0.0
0.0
0.0
0.0
0.0
0.011253002378550944
0.0
0.0
0.0
0.0
0.00020988409055940017
0.0034499938564976694
0.0
7.773426532034665e-05
0.0
0.0
0.0
0.0
0.0
0.0030121519322726764
0.0
0.0022831989060969403
0.0
2.2791346619820166e-05
0.0
0.0001947086699395043
0.0
0.0
0.0
0.0
0.0
0.0
0.0
0.0
0.0
0.0
0.0
0.0
0.0
0.0020268665381178185
0.0
0.0
0.0
0.0
0.0019581818699532585
0.0
0.0
0.0
0.0
0.0014835029415978696
0.0
0.0
0.0
0.0
0.0
0.0
0.0
0.0
0.0
0.0
0.0
0.0
0.0
0.0032925866359678467
0.000772337323083256
0.0
0.0
0.0
0.0
0.0
0.0
0.0
0.0015499787385446517
0.00010611871137804182
0.0
0.0
0.0
0.00024309398788903796
0.0
0.0
0.0
0.0
0.0
4.456182129870305e-05
0.006165690997505401
0.0
0.0
0.0
0.0
0.008274253260550118
0.0
0.012763830270955784
0.0
0.0014830127940966373
0.0
0.0
0.00949287727682906
0.0
0.0
0.0
0.0
0.014812331987231702
7.835068947137769e-05
0.0
0.0
0.0
0.0
0.0
0.0
0.0
0.0
0.00012562411066278093
0.0
0.0
0.0
0.0
0.0
0.0
0.007407447495640512
0.0
0.0
0.0
0.0
0.0
0.0
0.0
0.0
0.0
0.0
0.0048228305270382795
0.0
0.0
0.0
0.012278347726541265
0.0
0.0
0.0
0.0
0.0
0.00015347610612726013
0.0
0.0
0.0
0.0
0.0
0.0
0.0
0.00010675145174223419
8.606945191128971e-05
0.00017223931836471168
0.0
0.0
0.0
0.0
0.0
0.0
0.0
0.0
0.0
0.0
0.0
0.0
0.0
0.0
3.311217468321667e-05
0.0
0.0
0.0
0.0
0.0
0.0
0.0
0.0
0.00026907533684972386
0.0
0.0
0.0
0.0
0.0
0.0
0.0
0.0
0.0005067967138824179
0.0
0.0
0.0
0.0
0.0
0.01430769373308718
0.0
0.0
0.0
3.3635999519511834e-05
0.0
0.0
0.0002201237164043288
0.0
0.0
0.010350818052398885
0.0
0.0018682327862819344
0.0
0.0
0.0
0.0
0.0
0.0
0.0
0.0
0.0
0.0
0.0
0.0
0.015176275332247788
0.0
0.0
0.0
0.0
0.0
0.0
0.0
0.0
0.0
0.0
0.0
0.0
0.0
0.0
0.0
0.0
0.0
0.0
0.0
0.008630557139607602
0.0
0.0
0.0
0.0
0.013256624116915916
0.0
0.0
0.0
0.0014892404268583685
0.0
0.0
0.0
0.0
0.0
0.0
0.0
0.016864145481741918
0.00015759776346717226
0.0
0.002139366221745862
0.0
0.0
0.0
0.0
0.0
0.0
0.0
0.0
0.0
0.0
0.0
0.0
0.02175283761377614
0.0
0.0015535581769759077
0.0
0.0002120250847957969
0.0
0.0
0.0
0.0
0.0
0.0
0.0
0.0
0.0
0.0
0.0
0.0
0.0
0.0019259894634855719
0.005269058931157444
0.0
0.0
0.0
0.0
0.0
0.0
0.0
0.0005284265497830992
0.0
0.0
0.00031069959855829386
0.0
0.0013724604645953056
0.00017868252898936763
0.004017815292949499
0.0
3.3936769833725015e-05
0.0
0.0
0.01636674685058234
0.0
0.0
0.0
0.0
0.0
0.0
0.0
0.002126117115200321
0.0
0.01125074583962847
0.0
0.0
0.0
0.0
0.0
0.0
0.0
0.0
0.0
0.01203128282458385
0.0
0.0
0.0
0.0
0.0
0.0
0.0
0.0
0.0
0.01561431731887234
0.0
0.0
0.0
0.0
0.0
0.0
0.0
0.0
0.0
0.000122917782540556
0.0
0.0
0.0
0.0
0.0
0.0
0.0
0.0
0.0
0.0038221898916192816
0.0099375056047982
0.0
0.0
0.0
0.0
0.007864128788169911
0.0
0.0034601413800205093
0.0
0.0
0.0
0.0
0.0
0.0
0.0
0.0
0.0
0.0
0.0039744327360245295
0.0
0.0
0.0
0.0
0.0
0.0
0.0
0.0
0.0
0.0
0.0
0.0
0.0
0.0
0.0
0.0
0.023674688775072086
0.0
0.00705625390889016
0.009876923916528913
0.005007024318992155
0.0
0.011287449511237568
0.001911152329798297
0.0
0.0
0.003512898640357631
0.0
0.0
0.0024806409012427845
0.0
0.0
0.0
0.0
0.0
0.0
0.0
0.0
0.0
0.0
0.0
0.0
0.0
0.0
0.0
0.0
0.0031511231985421966
0.0
0.0
0.0
0.0
0.0
0.0
0.0005506490541661035
0.002020511923923323
0.0
0.0
0.0
0.0
0.0
0.007459222719042697
0.0
0.0
0.0
0.0
0.0
0.0
0.0
0.0
0.0
0.0
0.0
3.9992733285177885e-05
0.0
0.0
0.0
0.0
0.0
0.0
0.0
0.0
0.0
0.0
0.0
0.0
0.0
0.0
0.0
0.0
0.0
0.0
0.0
0.0
0.0
0.0
0.0
0.0
0.0
0.0
0.0
0.0
0.0
0.0
0.0
0.0
0.0
0.0
0.0002090364676548448
0.0
0.0
0.0
0.0
0.00692117556942232
0.003195155005887791
0.0
0.0
0.0
0.0
0.0
0.0
0.0
0.0
0.0
0.0
0.0
0.0
0.012088075318354785
0.0
0.0012648402739749583
0.0
0.0
0.0
0.0
0.002035931785569445
0.0
0.0
0.0
0.0
0.0
0.0
0.0
0.0
0.0
0.014566301492676991
0.0
0.0
0.0
0.0
0.0
0.0
0.0
0.008002108449248906
0.0
0.0
0.0031686823414168175
0.0
0.0
0.0
0.0011959026706189096
0.0
0.0
0.0005058324152047215
0.0
0.0
0.0011351001526791011
0.0
0.0
0.0
0.002392211648363218
0.0019239886575978871
0.0
0.0
0.0
0.0
0.0
0.0033154236689891016
0.0
0.00011953625966388419
0.0
0.0
0.0
0.0
0.0
0.0
0.0
0.0
0.0
0.0
0.0
0.0018438824658564442
0.0
0.0
0.0
0.0018515587673675737
0.0
0.0
0.0
0.0
0.0
0.0
0.0
0.0
0.0
0.0
0.0
0.0
0.0
0.0
0.00022866795415468956
0.0
0.0
0.0
0.0
0.0
0.0
0.0
0.0
0.0
0.0
0.0
0.0
0.0
0.0
0.0
0.0
0.0
0.0
4.1146022663244235e-05
0.0
0.0
0.0013054132703354026
0.0
0.0
0.0
0.0
0.0
0.0
0.0
0.0
0.0
0.013523971412638612
0.0017356196347513815
0.0
0.0
0.0
0.0
0.0
0.0
0.0
0.0
0.0
0.0
0.0
0.0
0.0
0.0
0.0
0.0
0.0
0.0
0.0
0.0
0.011772469775659374
0.0
0.0
0.0
0.01678667723155702
0.010840462909136957
0.0
0.0
0.0
0.0
0.0
0.0
0.0
0.0
0.008430714670565448
0.0
0.0
0.0
0.0
0.0
0.0
0.0
0.0
0.0
0.0
0.0
0.01244114079151168
0.0
0.0
0.0
0.0
0.0
0.013622026293471116
0.0
0.0
0.0
0.0
0.0
0.0
0.0
0.0
0.0
0.0
0.0023009811356263067
0.0
0.0
0.0
3.020981348645073e-05
0.0
0.0
0.0
0.0
0.0
0.0
0.0
0.0
0.0
0.0
0.0
0.0
0.0
0.0
0.0
0.0
0.0
0.0
0.011948300914316293
0.0
0.0
0.0
0.0
0.0
0.0
0.0
0.0
0.0
0.0
0.0
0.0
0.0
0.0
0.0
0.0
0.0
0.0
0.0003589532198478691
0.00018274821449228558
0.0
0.0
0.0001055873795117793
0.0
0.0
0.0039133177944542675
0.0
0.0
0.0
0.0
0.012597161248579758
0.0
0.0
0.0
0.0
0.0011556959775238852
0.0
0.0
0.0
0.0
0.0
0.0
0.0
0.0
0.0
0.008183133520902115
0.0
0.0
0.0
0.0
0.0
0.0
0.011842834324437725
0.012735897434788507
0.0
0.0
0.0
0.0
0.0
0.0
0.0
0.0
0.0
0.0
0.0
0.0
0.0
0.0
0.0
0.0
0.010449206576214403
0.0
0.0
0.0
0.0
0.001475325242943631
0.0
0.0
0.0
0.0
0.0
0.0
0.0
0.0
0.001923278779333738
0.0002710498669970863
0.00018798388706715518
0.008777717823747654
0.0
0.0
0.00016298673296670038
0.0
0.0
0.0
0.0
0.0
0.0
0.0
0.0
0.0
0.0
0.0
0.0
0.0
0.0
4.1351563887035025e-05
0.0
0.0
0.0015980412079755232
0.0
0.02008205245638257
0.0
0.0009160232001082317
0.0
0.0
0.012786738372290347
0.0
0.0
0.0
0.0
0.0
0.0
0.0
0.0
0.0
0.0
0.0
0.0
0.00023032307817731732
0.0
0.00020310912355921688
0.0
0.003228800331849335
0.0
0.0
0.0
0.0
0.0
0.0
0.0
0.0
0.00522790890011944
0.0
0.0
0.0
0.0
0.0
0.0
0.0
0.0
0.0
0.0
0.0
0.0
0.0
0.0
9.400614895042973e-05
0.0
0.0
0.0016196424880917572
0.0
0.0
4.5276892899860764e-05
0.0
0.0
0.0
0.0
0.0
0.0
0.0
0.0
0.0
0.013278904419696314
0.0001624709451101592
3.623298177539143e-05
0.0
0.0
0.0
0.0012988178540453402
0.0
0.0
0.0
0.0
